 WARNING from OUTDAT: variable DFS supplied without new independent TIME
*----------------------------------------------------------------------------
* Output table number  :  0 (=first output table)
* Output table format  : Spreadsheet output
* Simulation results
 
TIME	DVS	DFS	CTDU	LAI	RD	HT	WTOT	TADRW	WSO	WRT	WST	WLV	WLVD	WRTD	TSN	TSW	HI	PSO	ONC	NDEM	NUPT	TNUPT	NSUP	FERNA	FERNN	NSHH	RESCO2	RESTOT	RSCO2	APCAN	PPCAN	RAIN	IRRI	DWSUP	WCUL	WCLL	RSH2O	ATCAN	AESOIL	TSOIL	DAPAR	CCHK	NCHK	DDTR	TMAX	TMIN	DVP	WNM	DAYL	MAXQ	MAXSH	MAXSHSUN	MAXSHSHA	MAXSHSOIL	MAXSW	MAXSWSUN	MAXSWSHA	MAXSWSOIL	MAXLW	MAXLWSUN	MAXLWSHA	MAXLWSOIL	MAXLE	MAXLESUN	MAXLESHA	MAXLESOIL	MIDTSUN	MIDTSHA	MIDTSOIL	MIDTAIR	SWINSUM	SWNETSUM	LWNETSUM	QNETSUM	LESUM	SHSUM	GRSUM
 
   145.000    	  0.0000    	  1.0000    	  0.0000    	 1.87264E-03	  5.0000    	 2.80000E-03	 0.17024    	 8.51201E-02	  0.0000    	 8.51201E-02	  0.0000    	 8.51201E-02	  0.0000    	  0.0000    	  0.0000    	  0.0000    	  0.0000    	  0.0000    	  0.0000    	 4.02714E-03	 4.02714E-03	  0.0000    	  1.0357    	  10.000    	  0.0000    	 4.25600E-03	  5.6486    	 2.67355E-02	  94713.    	 0.12113    	 0.13409    	  0.0000    	  0.0000    	  4.6000    	 0.15000    	 0.15000    	  59196.    	 5.93306E-03	  3.3654    	  15.000    	  13897.    	  0.0000    	  0.0000    	 2.03904E+07	  25.400    	  12.600    	  1.6200    	  1.3000    	  15.862    	  356.54    	  106.57    	 5.16140E-02	-1.11019E-05	  106.52    	  460.18    	 0.51425    	 2.09630E-04	  459.66    	 -103.64    	-4.58187E-02	  0.0000    	 -103.59    	  249.97    	 0.41682    	 2.20731E-04	  249.55    	  25.542    	  24.915    	  33.504    	  25.003    	 2.03904E+07	 1.51107E+07	-3.86060E+06	 1.12501E+07	 8.25968E+06	 1.86537E+06	 1.12501E+06
   146.000    	 1.57713E-02	  2.0000    	 0.64662    	 3.00786E-03	  5.1065    	 2.80000E-03	 0.22387    	 0.11194    	  0.0000    	 0.11194    	  0.0000    	 0.11194    	  0.0000    	  0.0000    	 0.60451    	  0.0000    	  0.0000    	  0.0000    	  0.0000    	 3.56119E-03	 3.56119E-03	 4.02714E-03	  9.8668    	  0.0000    	  0.0000    	 6.83672E-03	  6.3211    	 5.24727E-02	  50712.    	 0.15219    	 0.15222    	  2.7000    	  0.0000    	  1.4246    	 8.59387E-02	 0.15000    	  31695.    	 5.69322E-03	  1.0745    	  16.527    	  18301.    	-1.44710E-05	  0.0000    	 1.67616E+07	  18.400    	  12.500    	  1.3900    	  2.1000    	  15.904    	  268.25    	  192.43    	 0.21393    	 1.95099E-04	  192.22    	  366.48    	 0.70387    	 5.50121E-04	  365.77    	 -98.231    	-8.96855E-02	  0.0000    	 -98.141    	  75.815    	 0.40025    	 3.55022E-04	  75.415    	  19.201    	  19.088    	  28.270    	  18.218    	 1.67616E+07	 1.20572E+07	-3.93842E+06	 8.11881E+06	 2.64654E+06	 4.66040E+06	 8.11881E+05
   147.000    	 2.81961E-02	  3.0000    	  1.1560    	 4.01146E-03	  5.2188    	 2.80000E-03	 0.28053    	 0.14027    	  0.0000    	 0.14027    	 6.07812E-07	 0.14027    	  0.0000    	  0.0000    	  1.1313    	  0.0000    	  0.0000    	  0.0000    	  0.0000    	 6.87724E-03	 6.87724E-03	 7.58833E-03	  9.3855    	  0.0000    	  0.0000    	 9.11884E-03	  6.5668    	 4.38653E-02	  43129.    	 0.15743    	 0.15742    	  5.5000    	  0.0000    	  3.2454    	 0.12027    	 0.15000    	  26956.    	 5.58208E-03	  1.6651    	  16.883    	  15422.    	 7.03679E-06	-6.13655E-06	 1.04544E+07	  18.900    	  11.100    	  1.4310    	  1.9000    	  15.945    	  175.23    	  48.783    	 6.64353E-02	 2.04670E-04	  48.716    	  231.85    	 0.61758    	 7.85008E-04	  231.23    	 -56.618    	-0.11576    	  0.0000    	 -56.502    	  126.45    	 0.43538    	 5.80338E-04	  126.01    	  18.926    	  19.219    	  21.540    	  18.660    	 1.04544E+07	 7.64230E+06	-2.63950E+06	 5.00281E+06	 4.09311E+06	 4.09419E+05	 5.00281E+05
   148.000    	 3.61735E-02	  4.0000    	  1.4831    	 5.94719E-03	  5.3464    	 2.80041E-03	 0.34506    	 0.17253    	  0.0000    	 0.17253    	 2.35218E-04	 0.17229    	  0.0000    	  0.0000    	  2.1864    	  0.0000    	  0.0000    	  0.0000    	  0.0000    	  0.0000    	  0.0000    	 1.44656E-02	  9.7148    	  0.0000    	  0.0000    	 1.35260E-02	  6.4290    	 5.76461E-02	  29263.    	 0.17735    	 0.17738    	  2.7000    	  0.0000    	  7.2896    	 0.19448    	 0.15000    	  18290.    	 3.94187E-03	 0.88722    	  16.533    	  17411.    	 1.77581E-05	  0.0000    	 7.94880E+06	  15.300    	  10.400    	  1.3900    	  1.4000    	  15.984    	  120.72    	  46.898    	 0.19688    	 6.57010E-04	  46.700    	  182.03    	 0.69700    	 1.33213E-03	  181.34    	 -61.319    	-0.17421    	  0.0000    	 -61.145    	  73.817    	 0.32591    	 6.75124E-04	  73.491    	  15.734    	  16.088    	  18.609    	  15.150    	 7.94880E+06	 6.01116E+06	-2.81982E+06	 3.19134E+06	 2.18334E+06	 6.88864E+05	 3.19134E+05
   149.000    	 4.12748E-02	  5.0000    	  1.6923    	 5.94810E-03	  5.4805    	 2.80112E-03	 0.41307    	 0.20653    	  0.0000    	 0.20653    	 6.38304E-04	 0.20590    	  0.0000    	  0.0000    	  2.1287    	  0.0000    	  0.0000    	  0.0000    	  0.0000    	 5.28724E-03	 5.28724E-03	 1.44656E-02	  10.038    	  0.0000    	  0.0000    	 1.35271E-02	  6.0173    	 4.70311E-02	  34796.    	 0.16072    	 0.16078    	 0.30000    	  0.0000    	  9.3191    	 0.22822    	 0.15000    	  21748.    	 3.27406E-03	 0.91645    	  15.776    	  18739.    	 6.39217E-06	  0.0000    	 8.55360E+06	  13.000    	  6.4000    	  1.1600    	  3.8000    	  16.023    	  139.12    	  62.956    	 0.27689    	 8.70142E-04	  62.678    	  198.50    	 0.74881    	 1.43281E-03	  197.75    	 -59.381    	-0.19504    	  0.0000    	 -59.186    	  76.165    	 0.27688    	 5.62664E-04	  75.888    	  13.277    	  13.544    	  14.913    	  12.799    	 8.55360E+06	 6.56644E+06	-3.00031E+06	 3.56614E+06	 2.25331E+06	 9.56209E+05	 3.56614E+05
   150.000    	 4.30754E-02	  6.0000    	  1.7661    	 7.43609E-03	  5.6075    	 2.80154E-03	 0.47767    	 0.23883    	  0.0000    	 0.23883    	 8.78196E-04	 0.23796    	  0.0000    	  0.0000    	  2.9271    	  0.0000    	  0.0000    	  0.0000    	  0.0000    	 1.20238E-02	 1.20238E-02	 1.97528E-02	  9.9482    	  0.0000    	  0.0000    	 1.69156E-02	  5.2759    	 0.11922    	  24875.    	 0.44647    	 0.44718    	  0.0000    	  0.0000    	  8.9137    	 0.21718    	 0.15000    	  15547.    	 2.12213E-02	  4.1824    	  14.353    	  67171.    	 1.00980E-05	  0.0000    	 2.51424E+07	  19.900    	  6.3000    	 0.98000    	  2.9000    	  16.060    	  480.56    	  166.04    	 0.63062    	 4.16767E-04	  165.41    	  579.74    	  2.3727    	 2.96450E-03	  577.36    	 -99.179    	-0.26955    	  0.0000    	 -98.909    	  314.51    	  1.4725    	 2.54773E-03	  313.04    	  20.531    	  19.776    	  26.429    	  19.486    	 2.51424E+07	 1.92095E+07	-4.37495E+06	 1.48346E+07	 1.02990E+07	 3.05214E+06	 1.48346E+06
   151.000    	 5.19667E-02	  7.0000    	  2.1306    	 1.08125E-02	  5.9722    	 2.80400E-03	 0.66361    	 0.33180    	  0.0000    	 0.33180    	 2.28073E-03	 0.32952    	  0.0000    	  0.0000    	  4.7096    	  0.0000    	  0.0000    	  0.0000    	  0.0000    	 1.98263E-02	 1.98263E-02	 3.17766E-02	  9.4515    	  0.0000    	  0.0000    	 2.46215E-02	  5.3085    	 0.18919    	  14218.    	 0.59625    	 0.59613    	  3.3000    	  0.0000    	  5.1383    	 0.14436    	 0.15000    	  8886.0    	 2.41629E-02	  2.7385    	  14.453    	  66824.    	-1.25846E-05	 2.34467E-05	 1.71072E+07	  20.900    	  9.6000    	  1.4400    	  2.0000    	  16.096    	  308.60    	  96.129    	 0.41961    	 1.40902E-03	  95.708    	  381.12    	  2.5447    	 7.14868E-03	  378.57    	 -72.521    	-0.30983    	  0.0000    	 -72.211    	  212.47    	  1.8152    	 5.73967E-03	  210.65    	  21.186    	  21.095    	  25.956    	  20.558    	 1.71072E+07	 1.26489E+07	-3.21277E+06	 9.43617E+06	 6.76844E+06	 1.72411E+06	 9.43617E+05
   152.000    	 6.23977E-02	  8.0000    	  2.5583    	 1.63660E-02	  6.4224    	 2.81006E-03	 0.89489    	 0.44745    	  0.0000    	 0.44745    	 5.73378E-03	 0.44171    	  0.0000    	  0.0000    	  7.7121    	  0.0000    	  0.0000    	  0.0000    	  0.0000    	  0.0000    	  0.0000    	 5.16029E-02	  9.8590    	  0.0000    	  0.0000    	 3.73279E-02	  5.5787    	 0.35602    	  10060.    	  1.2132    	  1.2131    	  0.0000    	  0.0000    	  6.1808    	 0.15468    	 0.15000    	  6287.7    	 6.13985E-02	  3.5799    	  14.978    	 1.45389E+05	-8.56802E-06	 1.44383E-05	 2.47968E+07	  24.400    	  8.6000    	  1.2300    	  1.6000    	  16.130    	  425.47    	  167.01    	 0.36674    	-9.62156E-04	  166.64    	  554.36    	  5.1375    	 1.46368E-02	  549.21    	 -128.89    	-0.51547    	  0.0000    	 -128.37    	  258.46    	  4.2553    	 1.55989E-02	  254.19    	  24.420    	  23.812    	  35.012    	  23.923    	 2.47968E+07	 1.84268E+07	-4.92191E+06	 1.35049E+07	 8.92106E+06	 3.23337E+06	 1.35049E+06
   153.000    	 7.66007E-02	  9.0000    	  3.1406    	 1.63573E-02	  7.3617    	 2.82702E-03	  1.3819    	 0.69096    	  0.0000    	 0.69096    	 1.53993E-02	 0.67556    	  0.0000    	  0.0000    	  7.2955    	  0.0000    	  0.0000    	  0.0000    	  0.0000    	 3.26173E-02	 3.26173E-02	 5.16029E-02	  6.4744    	  0.0000    	  0.0000    	 3.73549E-02	  5.9939    	 0.27828    	  9982.7    	  1.1314    	  1.1313    	  0.0000    	  0.0000    	  3.4850    	 0.10598    	 0.15000    	  6239.2    	 5.53623E-02	  1.7631    	  16.019    	 1.27335E+05	  0.0000    	 1.44383E-05	 2.16000E+07	  24.100    	  9.3000    	  1.3100    	  1.6000    	  16.163    	  332.83    	  204.12    	 0.20962    	-4.13727E-04	  203.92    	  471.47    	  4.6203    	 1.60304E-02	  466.83    	 -138.63    	-0.49616    	  0.0000    	 -138.14    	  128.71    	  3.9145    	 1.64442E-02	  124.78    	  23.972    	  23.641    	  36.978    	  23.655    	 2.16000E+07	 1.56950E+07	-5.22868E+06	 1.04664E+07	 4.45523E+06	 4.96449E+06	 1.04664E+06
   154.000    	 9.19482E-02	  10.000    	  3.7699    	 2.54199E-02	  8.2788    	 2.86800E-03	  1.8666    	 0.93332    	  0.0000    	 0.93332    	 3.87614E-02	 0.89456    	  0.0000    	  0.0000    	  12.140    	  0.0000    	  0.0000    	  0.0000    	  0.0000    	 4.60552E-02	 4.60552E-02	 8.42202E-02	  4.9896    	  0.0000    	  0.0000    	 5.82739E-02	  6.4461    	 0.46619    	  5717.9    	  1.3859    	  1.3853    	  0.0000    	  0.0000    	  2.5919    	 9.00993E-02	 0.15000    	  3573.7    	 5.54346E-02	  1.1575    	  17.035    	 1.37321E+05	  0.0000    	 1.76931E-05	 1.50336E+07	  22.400    	  11.200    	  1.6400    	  1.6000    	  16.195    	  230.17    	  143.94    	 0.42440    	 4.94906E-03	  143.51    	  325.36    	  5.2943    	 3.79428E-02	  320.03    	 -95.190    	-0.63587    	  0.0000    	 -94.554    	  86.225    	  4.2340    	 3.29937E-02	  81.958    	  22.460    	  22.468    	  31.446    	  22.064    	 1.50336E+07	 1.08464E+07	-3.71052E+06	 7.13590E+06	 2.97178E+06	 3.45053E+06	 7.13590E+05
   155.000    	 0.10631    	  11.000    	  4.3588    	 3.81216E-02	  9.2491    	 2.94631E-03	  2.3892    	  1.1946    	  0.0000    	  1.1946    	 8.33980E-02	  1.1112    	  0.0000    	  0.0000    	  19.112    	  0.0000    	  0.0000    	  0.0000    	  0.0000    	  0.0000    	  0.0000    	 0.13028    	  4.3165    	  0.0000    	  0.0000    	 8.78113E-02	  6.6643    	 0.77012    	  3914.9    	  2.6530    	  2.6515    	  0.0000    	  0.0000    	  2.3521    	 8.43499E-02	 0.15000    	  2446.8    	 0.12050    	 0.93984    	  17.560    	 2.96819E+05	-2.23847E-05	  0.0000    	 2.18592E+07	  23.400    	  10.600    	  1.4500    	  1.8000    	  16.225    	  332.22    	  257.45    	  1.1789    	 3.75993E-03	  256.27    	  471.56    	  10.717    	 8.57213E-02	  460.75    	 -139.33    	 -1.0669    	  0.0000    	 -138.27    	  74.769    	  8.4710    	 8.19613E-02	  66.216    	  23.742    	  23.182    	  38.202    	  23.017    	 2.18592E+07	 1.57415E+07	-5.23246E+06	 1.05090E+07	 2.59782E+06	 6.86031E+06	 1.05090E+06
   156.000    	 0.12278    	  12.000    	  5.0340    	 3.79912E-02	  11.196    	 3.10423E-03	  3.4590    	  1.7295    	  0.0000    	  1.7295    	 0.17341    	  1.5561    	  0.0000    	  0.0000    	  18.169    	  0.0000    	  0.0000    	  0.0000    	  0.0000    	 8.40413E-02	 8.40413E-02	 0.13028    	  4.4189    	  0.0000    	  0.0000    	 8.80615E-02	  7.0628    	 0.67099    	  3789.9    	  2.7765    	  2.7747    	  0.0000    	  0.0000    	  3.1444    	 8.71911E-02	 0.15000    	  2368.7    	 0.13102    	  1.0600    	  18.420    	 2.94598E+05	-1.51031E-05	  0.0000    	 2.17728E+07	  24.100    	  14.800    	  1.6000    	  2.1000    	  16.254    	  347.01    	  265.02    	 0.99359    	 1.93475E-03	  264.02    	  469.71    	  10.639    	 8.54189E-02	  458.99    	 -122.70    	-0.95040    	  0.0000    	 -121.75    	  81.998    	  8.6951    	 8.34842E-02	  73.219    	  24.390    	  23.926    	  37.679    	  23.823    	 2.17728E+07	 1.56998E+07	-4.68153E+06	 1.10183E+07	 2.91793E+06	 6.99853E+06	 1.10183E+06
   157.000    	 0.14158    	  13.000    	  5.8050    	 6.07823E-02	  13.290    	 3.41913E-03	  4.6553    	  2.3277    	  0.0000    	  2.3277    	 0.35290    	  1.9748    	  0.0000    	  0.0000    	  30.647    	  0.0000    	  0.0000    	  0.0000    	  0.0000    	 0.13364    	 0.13364    	 0.21432    	  4.3971    	  0.0000    	  0.0000    	 0.14211    	  7.6149    	  1.3051    	  2250.0    	  4.2393    	  4.2347    	  0.0000    	  0.0000    	  3.9375    	 8.88756E-02	 0.15000    	  1406.2    	 0.18388    	  1.0954    	  19.586    	 4.40041E+05	-1.10746E-05	 6.95287E-06	 2.05632E+07	  23.800    	  13.500    	  1.6700    	  1.9000    	  16.281    	  325.93    	  236.26    	  1.7793    	 1.49273E-02	  234.46    	  443.91    	  16.036    	 0.21898    	  427.66    	 -117.98    	 -1.4708    	  0.0000    	 -116.51    	  89.676    	  12.786    	 0.20405    	  76.685    	  24.267    	  23.718    	  36.871    	  23.494    	 2.05632E+07	 1.48552E+07	-4.47499E+06	 1.03802E+07	 3.13431E+06	 6.20786E+06	 1.03802E+06
   158.000    	 0.15946    	  14.000    	  6.5380    	 9.65864E-02	  16.086    	 3.93717E-03	  6.3225    	  3.1612    	  0.0000    	  3.1612    	 0.64819    	  2.5130    	  0.0000    	  0.0000    	  50.683    	  0.0000    	  0.0000    	  0.0000    	  0.0000    	  0.0000    	  0.0000    	 0.34795    	  4.5269    	  0.0000    	  0.0000    	 0.22807    	  7.8832    	  2.2229    	  1503.4    	  7.3690    	  7.3695    	  0.0000    	  0.0000    	  5.2749    	 9.21700E-02	 0.15000    	  939.61    	 0.34627    	  1.2038    	  20.229    	 6.98273E+05	  0.0000    	 8.56501E-06	 2.09088E+07	  27.800    	  14.300    	  1.8900    	  1.9000    	  16.307    	  338.01    	  229.53    	-0.41152    	-5.73334E-02	  230.00    	  452.33    	  25.282    	 0.53817    	  426.51    	 -114.33    	 -1.8485    	  0.0000    	 -112.48    	  108.47    	  23.845    	 0.59551    	  84.034    	  27.422    	  27.186    	  40.610    	  27.400    	 2.09088E+07	 1.51539E+07	-4.23375E+06	 1.09201E+07	 3.79756E+06	 6.03054E+06	 1.09201E+06
   159.000    	 0.17776    	  15.000    	  7.2880    	 9.60573E-02	  20.723    	 4.77229E-03	  9.2464    	  4.6232    	  0.0000    	  4.6232    	  1.1242    	  3.4990    	  0.0000    	  0.0000    	  48.014    	  0.0000    	  0.0000    	  0.0000    	  0.0000    	 0.34057    	 0.34057    	 0.34795    	  5.0194    	  0.0000    	  0.0000    	 0.22939    	  8.3643    	  1.9055    	  1810.7    	  8.0286    	  8.0306    	  12.100    	  0.0000    	  7.9979    	 9.81118E-02	 0.15000    	  1131.7    	 0.42578    	  1.4448    	  21.310    	 7.48571E+05	-1.09453E-05	 8.56501E-06	 2.25504E+07	  31.100    	  16.800    	  2.0400    	  2.4000    	  16.331    	  384.38    	  256.36    	 -2.7355    	-0.11266    	  259.21    	  488.70    	  26.725    	 0.51981    	  461.46    	 -104.32    	 -1.5190    	  0.0000    	 -102.80    	  128.02    	  27.942    	 0.63247    	  99.448    	  30.158    	  30.254    	  43.084    	  30.677    	 2.25504E+07	 1.63894E+07	-3.86523E+06	 1.25242E+07	 4.58298E+06	 6.68878E+06	 1.25242E+06
   160.000    	 0.19600    	  16.000    	  8.0361    	 0.18658    	  25.757    	 6.03047E-03	  12.725    	  6.3627    	  0.0000    	  6.3627    	  1.8414    	  4.5213    	  0.0000    	  0.0000    	  99.742    	  0.0000    	  0.0000    	  0.0000    	  0.0000    	  0.0000    	  0.0000    	 0.68852    	  9.4768    	  0.0000    	  0.0000    	 0.44970    	  9.7285    	  3.7164    	  744.93    	  8.1379    	  8.1314    	  4.3000    	  0.0000    	  22.858    	 0.14836    	 0.15000    	  465.58    	 0.25522    	  1.5809    	  22.794    	 6.78508E+05	-7.91235E-06	  0.0000    	 1.08000E+07	  22.400    	  15.300    	  2.0000    	  1.9000    	  16.353    	  196.68    	  55.836    	  2.8473    	 0.33227    	  52.657    	  239.49    	  25.506    	  1.5036    	  212.48    	 -42.815    	 -3.4313    	  0.0000    	 -39.384    	  140.84    	  19.227    	  1.1714    	  120.44    	  22.855    	  22.663    	  25.379    	  22.191    	 1.08000E+07	 8.03982E+06	-2.00296E+06	 6.03685E+06	 4.49851E+06	 9.34664E+05	 6.03685E+05
   161.000    	 0.21039    	  17.000    	  8.6259    	 0.18750    	  29.050    	 7.46439E-03	  15.238    	  7.6188    	  0.0000    	  7.6188    	  2.6587    	  4.9601    	  0.0000    	  0.0000    	  97.284    	  0.0000    	  0.0000    	  0.0000    	  0.0000    	  0.0000    	  0.0000    	 0.68852    	  9.8091    	  0.0000    	  0.0000    	 0.45194    	  9.2770    	  2.2389    	  726.81    	  8.8647    	  8.8576    	  18.700    	  0.0000    	  28.386    	 0.15737    	 0.15000    	  454.26    	 0.30938    	  1.8437    	  21.995    	 7.45236E+05	  0.0000    	  0.0000    	 1.18368E+07	  23.600    	  15.500    	  1.9790    	  1.4000    	  16.374    	  214.86    	  52.406    	  1.9054    	 0.22192    	  50.279    	  263.28    	  27.948    	  1.6276    	  233.71    	 -48.423    	 -3.5187    	  0.0000    	 -44.904    	  162.45    	  22.524    	  1.4056    	  138.52    	  23.962    	  23.745    	  27.276    	  23.362    	 1.18368E+07	 8.84629E+06	-2.17436E+06	 6.67192E+06	 5.27514E+06	 7.29594E+05	 6.67192E+05
   162.000    	 0.22602    	  18.000    	  9.2668    	 0.18764    	  33.671    	 9.49570E-03	  19.002    	  9.5011    	  0.0000    	  9.5011    	  3.8165    	  5.6846    	  0.0000    	  0.0000    	  93.627    	  0.0000    	  0.0000    	  0.0000    	  0.0000    	 0.57538    	 0.57538    	 0.68852    	  9.9902    	  0.0000    	  0.0000    	 0.45506    	  9.0378    	  2.8528    	  701.38    	  11.753    	  11.743    	  0.0000    	  0.0000    	  49.191    	 0.20580    	 0.15000    	  438.36    	 0.47914    	  2.8692    	  21.609    	 1.02762E+06	 1.05502E-05	  0.0000    	 1.65024E+07	  26.800    	  16.200    	  2.0900    	  1.3000    	  16.393    	  316.62    	  68.388    	  1.4335    	 1.87384E-02	  66.936    	  374.59    	  37.841    	  1.8921    	  334.86    	 -57.973    	 -3.1409    	  0.0000    	 -54.832    	  248.23    	  33.267    	  1.8734    	  213.09    	  27.036    	  26.579    	  32.067    	  26.489    	 1.65024E+07	 1.25948E+07	-2.42240E+06	 1.01724E+07	 8.20349E+06	 9.51654E+05	 1.01724E+06
   163.000    	 0.24445    	  19.000    	  10.023    	 0.33856    	  39.336    	 1.26234E-02	  24.059    	  12.030    	  0.0000    	  12.030    	  5.5993    	  6.4302    	  0.0000    	  0.0000    	  181.49    	  0.0000    	  0.0000    	  0.0000    	  0.0000    	  0.0000    	  0.0000    	  1.2639    	  9.6088    	  0.0000    	  0.0000    	 0.83171    	  9.1953    	  5.7893    	  718.45    	  7.6345    	  7.6340    	  0.0000    	  0.0000    	  51.041    	 0.18950    	 0.15000    	  449.03    	 0.15836    	 0.60654    	  21.927    	 5.80170E+05	 8.31692E-06	-9.43186E-06	 5.44320E+06	  18.600    	  14.500    	  1.7800    	  2.4000    	  16.411    	  85.262    	  23.814    	  2.2462    	 0.97878    	  20.589    	  122.83    	  21.000    	  2.2736    	  99.552    	 -37.563    	 -6.5195    	  0.0000    	 -31.044    	  61.448    	  12.235    	  1.2948    	  47.919    	  18.780    	  18.872    	  19.548    	  18.480    	 5.44320E+06	 4.13381E+06	-1.98176E+06	 2.15205E+06	 1.87402E+06	  62824.    	 2.15205E+05
   164.000    	 0.25390    	  20.000    	  10.410    	 0.34507    	  40.387    	 1.32530E-02	  25.108    	  12.554    	  0.0000    	  12.554    	  5.9582    	  6.5956    	  0.0000    	  0.0000    	  180.45    	  0.0000    	  0.0000    	  0.0000    	  0.0000    	  0.0000    	  0.0000    	  1.2639    	  9.6933    	  0.0000    	  0.0000    	 0.83267    	  8.4410    	  4.5995    	  399.89    	  19.984    	  19.939    	  0.0000    	  0.0000    	  51.323    	 0.18683    	 0.15000    	  249.93    	 0.70387    	  2.3431    	  20.612    	 1.92438E+06	 7.96727E-06	-9.43186E-06	 1.80576E+07	  22.100    	  13.300    	  1.7900    	  2.3000    	  16.427    	  348.04    	  115.69    	  12.444    	  1.6007    	  101.65    	  407.81    	  68.611    	  5.8518    	  333.34    	 -59.764    	 -7.5441    	  0.0000    	 -52.220    	  232.35    	  48.622    	  4.2511    	  179.47    	  23.490    	  22.493    	  27.238    	  21.842    	 1.80576E+07	 1.37280E+07	-2.71302E+06	 1.10150E+07	 7.46504E+06	 2.44842E+06	 1.10150E+06
   165.000    	 0.26784    	  21.000    	  10.981    	 0.34783    	  47.176    	 1.68827E-02	  33.849    	  17.837    	  0.0000    	  16.012    	  8.0271    	  9.8101    	  0.0000    	  0.0000    	  172.14    	  0.0000    	  0.0000    	  0.0000    	  0.0000    	  0.0000    	  0.0000    	  1.2639    	  9.8896    	  0.0000    	  0.0000    	 0.83819    	  8.2126    	  5.0249    	  470.69    	  20.369    	  20.360    	  17.500    	  0.0000    	  54.486    	 0.17528    	 0.15000    	  294.18    	 0.84030    	  2.6388    	  20.231    	 1.80951E+06	 1.17987E-05	-9.43186E-06	 1.68480E+07	  26.200    	  12.900    	  1.8910    	  1.9000    	  16.441    	  327.01    	  65.570    	 0.94957    	 0.32287    	  64.297    	  378.38    	  64.717    	  5.8567    	  307.81    	 -51.373    	 -6.3687    	  0.0000    	 -45.004    	  261.44    	  57.399    	  5.5338    	  198.51    	  26.102    	  25.994    	  29.870    	  25.811    	 1.68480E+07	 1.27465E+07	-2.36907E+06	 1.03775E+07	 8.52385E+06	 8.15857E+05	 1.03775E+06
   166.000    	 0.28311    	  22.000    	  11.608    	 0.34890    	  53.297    	 2.17173E-02	  42.567    	  23.000    	  0.0000    	  19.567    	  10.783    	  12.218    	  0.0000    	  0.0000    	  163.57    	  0.0000    	  0.0000    	  0.0000    	  0.0000    	 0.49226    	 0.49226    	  1.2639    	  10.064    	  0.0000    	  0.0000    	 0.84543    	  8.2366    	  3.9680    	  491.52    	  14.911    	  14.900    	 0.20000    	  0.0000    	  74.115    	 0.19887    	 0.15000    	  307.20    	 0.50115    	  1.6405    	  20.306    	 1.29823E+06	 1.87450E-05	-9.43186E-06	 1.19232E+07	  21.700    	  15.800    	  1.8600    	  2.6000    	  16.453    	  224.87    	  66.727    	  5.5146    	  1.4437    	  59.768    	  269.69    	  46.785    	  5.0423    	  217.86    	 -44.816    	 -6.7062    	  0.0000    	 -38.110    	  158.14    	  34.564    	  3.5985    	  119.98    	  22.157    	  22.065    	  24.433    	  21.528    	 1.19232E+07	 9.09217E+06	-2.18305E+06	 6.90913E+06	 5.24701E+06	 9.71205E+05	 6.90913E+05
   167.000    	 0.29714    	  23.000    	  12.183    	 0.47757    	  57.665    	 2.71441E-02	  48.785    	  26.360    	  0.0000    	  22.425    	  13.876    	  12.484    	  0.0000    	  0.0000    	  236.49    	  0.0000    	  0.0000    	  0.0000    	  0.0000    	  0.0000    	  0.0000    	  1.7562    	  9.7111    	  0.0000    	  0.0000    	  1.1730    	  8.0916    	  8.5781    	  379.06    	  22.887    	  22.866    	  1.3000    	  0.0000    	  76.205    	 0.19198    	 0.15000    	  236.91    	 0.80921    	  1.8870    	  20.074    	 2.19828E+06	 1.63476E-05	-6.78806E-06	 1.57248E+07	  20.500    	  14.000    	  1.6200    	  3.1000    	  16.464    	  301.32    	  103.56    	  13.364    	  3.4488    	  86.748    	  355.90    	  77.068    	  9.9297    	  268.91    	 -54.582    	 -10.665    	  0.0000    	 -43.917    	  197.76    	  53.040    	  6.4809    	  138.24    	  21.387    	  20.979    	  24.064    	  20.310    	 1.57248E+07	 1.19999E+07	-2.65927E+06	 9.34059E+06	 6.60581E+06	 1.80072E+06	 9.34059E+05
   168.000    	 0.30935    	  24.000    	  12.683    	 0.47963    	  62.904    	 3.27648E-02	  56.915    	  30.753    	  0.0000    	  26.162    	  17.080    	  13.673    	  0.0000    	  0.0000    	  228.28    	  0.0000    	  0.0000    	  0.0000    	  0.0000    	  0.0000    	  0.0000    	  1.7562    	  9.8639    	  0.0000    	  0.0000    	  1.1813    	  7.8061    	  6.0388    	  386.58    	  24.318    	  24.295    	  1.1000    	  0.0000    	  79.624    	 0.18642    	 0.15000    	  241.62    	 0.91280    	  2.1209    	  19.580    	 2.41874E+06	 1.40054E-05	-6.78806E-06	 1.72800E+07	  20.900    	  13.800    	  1.5800    	  3.0000    	  16.473    	  332.56    	  111.69    	  14.589    	  3.3444    	  93.755    	  390.45    	  84.629    	  10.274    	  295.55    	 -57.893    	 -11.048    	  0.0000    	 -46.845    	  220.87    	  58.992    	  6.9294    	  154.95    	  21.856    	  21.349    	  24.856    	  20.693    	 1.72800E+07	 1.31683E+07	-2.78575E+06	 1.03826E+07	 7.43255E+06	 1.91178E+06	 1.03826E+06
   169.000    	 0.32192    	  25.000    	  13.199    	 0.48012    	  68.944    	 3.94404E-02	  67.301    	  36.365    	  0.0000    	  30.936    	  20.885    	  15.480    	  0.0000    	  0.0000    	  217.91    	  0.0000    	  0.0000    	  0.0000    	  0.0000    	 0.60328    	 0.60328    	  1.7562    	  10.031    	  0.0000    	  0.0000    	  1.1910    	  7.6167    	  4.9583    	  384.59    	  18.129    	  18.116    	  10.000    	  0.0000    	  83.226    	 0.18057    	 0.15000    	  240.37    	 0.55452    	  1.2611    	  19.259    	 1.55629E+06	  0.0000    	-6.78806E-06	 1.09728E+07	  21.000    	  13.000    	  1.7600    	  1.6000    	  16.480    	  197.68    	  55.590    	  6.1034    	  2.5841    	  46.903    	  246.64    	  54.437    	  8.1823    	  184.03    	 -48.969    	 -9.6865    	  0.0000    	 -39.283    	  142.09    	  38.647    	  5.5983    	  97.841    	  21.586    	  21.469    	  24.158    	  20.767    	 1.09728E+07	 8.32516E+06	-2.37394E+06	 5.95123E+06	 4.44828E+06	 9.07824E+05	 5.95123E+05
   170.000    	 0.33359    	  26.000    	  13.677    	 0.63695    	  72.812    	 4.65823E-02	  74.784    	  40.408    	  0.0000    	  34.376    	  24.929    	  15.480    	  0.0000    	  0.0000    	  307.28    	  0.0000    	  0.0000    	  0.0000    	  0.0000    	  0.0000    	  0.0000    	  2.3594    	  9.5500    	  0.0000    	  0.0000    	  1.5986    	  7.4026    	  13.891    	  280.98    	  45.297    	  45.186    	  0.0000    	  0.0000    	  94.992    	 0.19032    	 0.15000    	  175.61    	  1.9793    	  3.4624    	  18.889    	 4.81907E+06	  0.0000    	  0.0000    	 2.80800E+07	  25.300    	  9.9000    	  1.5100    	  1.7000    	  16.486    	  555.49    	  143.32    	  23.022    	  2.6503    	  117.64    	  641.43    	  167.51    	  14.038    	  459.88    	 -85.933    	 -15.972    	  0.0000    	 -69.961    	  412.18    	  128.52    	  11.388    	  272.27    	  27.376    	  25.315    	  33.207    	  24.852    	 2.80800E+07	 2.16191E+07	-3.70890E+06	 1.79102E+07	 1.33323E+07	 2.78689E+06	 1.79102E+06
   171.000    	 0.34824    	  27.000    	  14.278    	 0.63679    	  80.420    	 5.67381E-02	  92.629    	  50.948    	  0.0000    	  41.680    	  30.745    	  20.204    	  0.0000    	  0.0000    	  289.68    	  0.0000    	  0.0000    	  0.0000    	  0.0000    	 0.65000    	 0.65000    	  2.3594    	  9.7488    	  0.0000    	  0.0000    	  1.6131    	  7.5083    	  9.1744    	  272.21    	  36.944    	  36.859    	 0.70000    	  0.0000    	  96.497    	 0.17987    	 0.15000    	  170.13    	  1.3861    	  2.3392    	  19.113    	 3.57636E+06	 8.59551E-06	  0.0000    	 2.05632E+07	  23.300    	  13.100    	  1.8100    	  2.3000    	  16.489    	  407.63    	  124.06    	  19.473    	  4.6813    	  99.911    	  465.66    	  122.65    	  16.704    	  326.31    	 -58.030    	 -12.295    	  0.0000    	 -45.735    	  283.56    	  90.879    	  12.022    	  180.66    	  24.563    	  23.671    	  28.585    	  23.003    	 2.05632E+07	 1.57078E+07	-2.65498E+06	 1.30528E+07	 9.12695E+06	 2.62056E+06	 1.30528E+06
   172.000    	 0.36289    	  28.000    	  14.879    	 0.79939    	  86.472    	 6.85338E-02	  108.41    	  60.002    	  0.0000    	  48.405    	  37.468    	  22.533    	  0.0000    	  0.0000    	  378.41    	  0.0000    	  0.0000    	  0.0000    	  0.0000    	  0.0000    	  0.0000    	  3.0094    	  9.2682    	  0.0000    	  0.0000    	  2.0696    	  7.5656    	  9.1607    	  473.61    	  15.053    	  15.052    	  3.8000    	  0.0000    	  99.019    	 0.17439    	 0.15000    	  296.01    	 0.37106    	 0.47378    	  19.247    	 1.11356E+06	  0.0000    	  0.0000    	 5.35680E+06	  19.500    	  13.700    	  1.6900    	  1.3000    	  16.491    	  81.366    	  12.751    	 -2.0745    	  3.3732    	  11.452    	  120.61    	  36.391    	  9.1686    	  75.052    	 -39.246    	 -13.443    	  0.0000    	 -25.803    	  68.615    	  25.023    	  5.7953    	  37.797    	  19.169    	  19.798    	  20.378    	  19.331    	 5.35680E+06	 4.07336E+06	-2.07341E+06	 1.99995E+06	 2.06985E+06	-2.69898E+05	 1.99995E+05
   173.000    	 0.37231    	  29.000    	  15.265    	 0.80869    	  86.472    	 7.28842E-02	  111.76    	  63.350    	  0.0000    	  48.405    	  39.948    	  23.402    	  0.0000    	  0.0000    	  374.44    	  0.0000    	  0.0000    	  0.0000    	  0.0000    	  0.0000    	  0.0000    	  3.0094    	  9.2974    	  0.0000    	  0.0000    	  2.0755    	  7.2045    	  8.9171    	  257.47    	  38.500    	  38.453    	  3.8000    	  0.0000    	  102.07    	 0.17793    	 0.15000    	  160.92    	  1.3834    	  1.7358    	  18.598    	 3.60090E+06	 7.12219E-06	  0.0000    	 1.73664E+07	  21.300    	  13.700    	  1.6100    	  2.2000    	  16.491    	  336.31    	  103.04    	  17.376    	  8.3062    	  77.358    	  393.47    	  120.39    	  23.852    	  249.23    	 -57.155    	 -16.561    	  0.0000    	 -40.593    	  233.27    	  86.450    	  15.546    	  131.28    	  22.330    	  21.918    	  25.671    	  21.079    	 1.73664E+07	 1.32750E+07	-2.74517E+06	 1.05298E+07	 7.64214E+06	 1.83470E+06	 1.05298E+06
   174.000    	 0.38540    	  30.000    	  15.802    	 0.80729    	  91.380    	 8.61525E-02	  128.56    	  74.023    	  0.0000    	  54.541    	  47.511    	  26.512    	  0.0000    	  0.0000    	  356.96    	  0.0000    	  0.0000    	  0.0000    	  0.0000    	 0.65000    	 0.65000    	  3.0094    	  9.4351    	  0.0000    	  0.0000    	  2.0937    	  7.1907    	  8.1252    	  273.38    	  30.560    	  30.537    	  9.3000    	  0.0000    	  107.27    	 0.17728    	 0.15000    	  170.86    	 0.86314    	  1.1489    	  18.597    	 2.78837E+06	 1.23796E-05	 7.92235E-06	 1.33920E+07	  19.200    	  13.400    	  1.6800    	  2.8000    	  16.489    	  253.92    	  97.574    	  19.913    	  10.290    	  67.371    	  302.40    	  91.918    	  21.519    	  188.97    	 -48.479    	 -15.412    	  0.0000    	 -33.067    	  156.35    	  56.594    	  11.229    	  88.527    	  20.120    	  19.922    	  22.351    	  19.031    	 1.33920E+07	 1.02071E+07	-2.44040E+06	 7.76672E+06	 4.92946E+06	 2.06059E+06	 7.76672E+05
   175.000    	 0.39605    	  31.000    	  16.238    	 0.96492    	  95.308    	 9.79188E-02	  141.31    	  81.362    	  0.0000    	  59.949    	  54.218    	  27.144    	  0.0000    	  0.0000    	  448.28    	  0.0000    	  0.0000    	  0.0000    	  0.0000    	  0.0000    	  0.0000    	  3.6594    	  8.9066    	  0.0000    	  0.0000    	  2.5449    	  6.9803    	  13.590    	  238.48    	  37.605    	  37.574    	  2.7000    	  0.0000    	  118.19    	 0.18391    	 0.15000    	  149.05    	  1.0994    	  1.1690    	  18.224    	 3.42027E+06	 2.25231E-05	  0.0000    	 1.46016E+07	  19.300    	  12.400    	  1.6200    	  2.5000    	  16.486    	  280.08    	  102.43    	  21.525    	  13.433    	  67.468    	  331.57    	  110.63    	  29.092    	  191.85    	 -51.491    	 -18.351    	  0.0000    	 -33.140    	  177.65    	  70.752    	  15.659    	  91.241    	  20.274    	  20.073    	  22.818    	  19.099    	 1.46016E+07	 1.11856E+07	-2.57273E+06	 8.61290E+06	 5.55752E+06	 2.19408E+06	 8.61290E+05
   176.000    	 0.40629    	  32.000    	  16.658    	 0.96634    	  99.197    	 0.11070    	  154.96    	  89.218    	  0.0000    	  65.737    	  61.504    	  27.714    	  0.0000    	  0.0000    	  433.70    	  0.0000    	  0.0000    	  0.0000    	  0.0000    	 0.65000    	 0.65000    	  3.6594    	  9.0222    	  0.0000    	  0.0000    	  2.5621    	  6.7770    	  9.1488    	  282.81    	  34.557    	  34.543    	  4.0000    	  0.0000    	  122.23    	 0.18312    	 0.15000    	  176.75    	  1.1104    	  1.1106    	  17.859    	 2.96668E+06	 2.05376E-05	  0.0000    	 1.26144E+07	  20.700    	  11.900    	  1.6200    	  2.4000    	  16.480    	  238.12    	  64.462    	  6.2926    	  10.139    	  48.030    	  285.92    	  94.888    	  27.020    	  164.02    	 -47.805    	 -17.434    	  0.0000    	 -30.371    	  173.66    	  71.162    	  16.881    	  85.615    	  20.841    	  21.197    	  23.196    	  20.444    	 1.26144E+07	 9.64765E+06	-2.45418E+06	 7.19347E+06	 5.44147E+06	 1.03265E+06	 7.19347E+05
   177.000    	 0.41663    	  33.000    	  17.082    	  1.1290    	  102.37    	 0.12475    	  169.39    	  98.556    	  0.0000    	  70.836    	  69.512    	  29.043    	  0.0000    	  0.0000    	  522.97    	  0.0000    	  0.0000    	  0.0000    	  0.0000    	  0.0000    	  0.0000    	  4.3094    	  8.4754    	  0.0000    	  0.0000    	  3.0548    	  6.6443    	  13.001    	  285.67    	  32.882    	  32.884    	  4.6000    	  0.0000    	  126.96    	 0.18393    	 0.15000    	  178.54    	 0.78194    	 0.72377    	  17.627    	 3.16017E+06	  0.0000    	 1.10649E-05	 1.21824E+07	  15.500    	  8.9000    	  1.3100    	  4.5000    	  16.473    	  223.78    	  102.82    	  24.071    	  19.738    	  59.011    	  276.69    	  98.203    	  32.753    	  145.74    	 -52.918    	 -23.309    	  0.0000    	 -29.609    	  120.96    	  50.824    	  13.015    	  57.116    	  16.021    	  16.128    	  17.500    	  15.308    	 1.21824E+07	 9.33341E+06	-2.82595E+06	 6.50746E+06	 3.68901E+06	 2.16771E+06	 6.50746E+05
   178.000    	 0.42093    	  34.000    	  17.258    	  1.2082    	  105.12    	 0.12997    	  180.69    	  105.13    	  0.0000    	  75.560    	  72.486    	  32.642    	  0.0000    	  0.0000    	  512.12    	  0.0000    	  0.0000    	  0.0000    	  0.0000    	  0.0000    	  0.0000    	  4.3094    	  8.5670    	  0.0000    	  0.0000    	  3.0614    	  6.0030    	  11.487    	  283.11    	  45.824    	  45.876    	 0.40000    	  0.0000    	  132.63    	 0.18607    	 0.15000    	  176.94    	  1.6095    	  1.3541    	  16.394    	 5.27217E+06	 1.76100E-05	 1.10649E-05	 1.96128E+07	  17.400    	  8.4000    	  1.1500    	  4.2000    	  16.464    	  384.28    	  160.59    	  44.092    	  22.597    	  93.896    	  450.02    	  171.07    	  43.516    	  235.44    	 -65.741    	 -28.344    	  0.0000    	 -37.397    	  223.70    	  98.629    	  20.919    	  104.15    	  18.467    	  18.043    	  20.866    	  17.138    	 1.96128E+07	 1.51504E+07	-3.34535E+06	 1.18051E+07	 7.26072E+06	 3.36383E+06	 1.18051E+06
   179.000    	 0.42720    	  35.000    	  17.515    	  1.3379    	  109.63    	 0.13954    	  200.20    	  116.48    	  0.0000    	  83.719    	  77.941    	  38.538    	  0.0000    	  0.0000    	  493.26    	  0.0000    	  0.0000    	  0.0000    	  0.0000    	 0.65000    	 0.65000    	  4.3094    	  8.6948    	  0.0000    	  0.0000    	  3.0735    	  5.6661    	  13.915    	  269.56    	  56.637    	  56.902    	  1.2000    	  0.0000    	  134.23    	 0.18234    	 0.15000    	  168.48    	  2.2908    	  1.8206    	  15.739    	 7.32863E+06	 1.58924E-05	 1.10649E-05	 2.57472E+07	  18.500    	  12.100    	  1.1700    	  3.4000    	  16.453    	  521.25    	  222.93    	  79.220    	  24.577    	  119.13    	  596.16    	  247.55    	  47.738    	  300.87    	 -74.908    	 -32.946    	  0.0000    	 -41.962    	  298.32    	  135.38    	  23.161    	  139.78    	  20.938    	  19.311    	  23.942    	  18.313    	 2.57472E+07	 2.00338E+07	-3.60628E+06	 1.64275E+07	 1.00729E+07	 4.71183E+06	 1.64275E+06
   180.000    	 0.43748    	  36.000    	  17.937    	  1.4421    	  114.76    	 0.15601    	  224.47    	  130.60    	  0.0000    	  93.869    	  87.328    	  43.274    	  0.0000    	  0.0000    	  573.65    	  0.0000    	  0.0000    	  0.0000    	  0.0000    	 0.65000    	 0.65000    	  4.9594    	  8.1880    	  0.0000    	  0.0000    	  3.5363    	  5.7651    	  12.202    	  369.09    	  24.170    	  24.169    	  8.8000    	  0.0000    	  136.03    	 0.17845    	 0.15000    	  230.68    	 0.46692    	 0.32580    	  15.956    	 1.85879E+06	 1.41725E-05	 9.61473E-06	 6.22080E+06	  16.900    	  12.500    	  1.5600    	  4.2000    	  16.441    	  100.59    	  34.390    	  2.1904    	  14.230    	  17.970    	  141.45    	  54.382    	  23.898    	  63.174    	 -40.868    	 -21.855    	  0.0000    	 -19.013    	  66.197    	  30.337    	  9.6688    	  26.191    	  16.843    	  17.236    	  17.525    	  16.771    	 6.22080E+06	 4.76700E+06	-2.27073E+06	 2.49627E+06	 1.94216E+06	 3.04480E+05	 2.49627E+05
   181.000    	 0.44408    	  37.000    	  18.207    	  1.4771    	  115.49    	 0.16234    	  231.27    	  135.80    	  0.0000    	  95.471    	  90.937    	  44.864    	  0.0000    	  0.0000    	  671.20    	  0.0000    	  0.0000    	  0.0000    	  0.0000    	 0.65000    	 0.65000    	  5.6094    	  7.5835    	  0.0000    	  0.0000    	  4.0903    	  5.6137    	  15.229    	  232.89    	  43.634    	  43.620    	 0.10000    	  0.0000    	  144.79    	 0.18529    	 0.15000    	  145.56    	  1.2321    	 0.73420    	  15.668    	 3.49905E+06	 1.37555E-05	  0.0000    	 1.15776E+07	  19.400    	  14.600    	  1.6400    	  2.9000    	  16.427    	  220.78    	  68.689    	  8.1127    	  20.868    	  39.709    	  264.28    	  102.93    	  44.536    	  116.81    	 -43.500    	 -22.044    	  0.0000    	 -21.456    	  152.10    	  72.777    	  23.669    	  55.649    	  19.581    	  20.103    	  21.423    	  19.259    	 1.15776E+07	 8.89713E+06	-2.30591E+06	 6.59123E+06	 4.81737E+06	 1.11473E+06	 6.59123E+05
   182.000    	 0.45507    	  38.000    	  18.658    	  1.4973    	  117.22    	 0.18229    	  247.41    	  148.10    	  0.0000    	  99.314    	  102.31    	  45.785    	  0.0000    	  0.0000    	  757.50    	  0.0000    	  0.0000    	  0.0000    	  0.0000    	  0.0000    	  0.0000    	  6.2594    	  7.0015    	  0.0000    	  0.0000    	  4.6479    	  5.8294    	  21.496    	  168.26    	  73.005    	  72.972    	 0.90000    	  0.0000    	  144.58    	 0.18326    	 0.15000    	  105.16    	  2.7093    	  1.4991    	  16.120    	 5.92825E+06	 6.42879E-06	  0.0000    	 1.95264E+07	  24.300    	  16.700    	  1.9000    	  2.5000    	  16.411    	  407.38    	  91.317    	  6.5990    	  19.258    	  65.460    	  450.63    	  188.21    	  57.503    	  204.91    	 -43.244    	 -18.678    	  0.0000    	 -24.566    	  316.06    	  162.94    	  38.245    	  114.88    	  24.438    	  24.925    	  28.082    	  24.077    	 1.95264E+07	 1.51291E+07	-2.11447E+06	 1.30146E+07	 1.03106E+07	 1.40261E+06	 1.30146E+06
   183.000    	 0.47217    	  39.000    	  19.359    	  1.6198    	  119.20    	 0.21586    	  276.68    	  172.80    	  0.0000    	  103.88    	  121.45    	  51.353    	  0.0000    	  0.0000    	  724.17    	  0.0000    	  0.0000    	  0.0000    	  0.0000    	 0.65000    	 0.65000    	  6.2594    	  7.0717    	  0.0000    	  0.0000    	  4.6844    	  6.4961    	  15.237    	  185.43    	  59.861    	  59.824    	  9.0000    	  0.0000    	  143.16    	 0.18002    	 0.15000    	  115.89    	  1.8237    	 0.95998    	  17.459    	 4.97353E+06	-1.14967E-05	 7.61789E-06	 1.57248E+07	  20.700    	  14.800    	  1.7400    	  3.2000    	  16.393    	  318.02    	  102.19    	  18.521    	  27.164    	  56.502    	  361.44    	  150.27    	  59.259    	  151.91    	 -43.419    	 -22.212    	  0.0000    	 -21.207    	  215.83    	  109.54    	  32.095    	  74.202    	  21.102    	  21.447    	  23.476    	  20.527    	 1.57248E+07	 1.21349E+07	-2.23657E+06	 9.89836E+06	 6.82002E+06	 2.08851E+06	 9.89836E+05
   184.000    	 0.48488    	  40.000    	  19.880    	  1.7108    	  121.40    	 0.24386    	  302.03    	  192.89    	  0.0000    	  109.14    	  137.40    	  55.488    	  0.0000    	  0.0000    	  800.55    	  0.0000    	  0.0000    	  0.0000    	  0.0000    	 0.65000    	 0.65000    	  6.9094    	  6.5071    	  0.0000    	  0.0000    	  5.2510    	  6.6146    	  16.016    	  247.84    	  41.745    	  41.739    	  2.0000    	  0.0000    	  151.45    	 0.18468    	 0.15000    	  154.90    	  1.0524    	 0.52233    	  17.713    	 3.20812E+06	-2.10621E-05	 6.90124E-06	 9.84960E+06	  18.500    	  13.500    	  1.5900    	  3.4000    	  16.374    	  183.09    	  56.868    	  3.3847    	  23.393    	  30.090    	  225.45    	  90.706    	  46.096    	  88.647    	 -42.362    	 -24.119    	  0.0000    	 -18.244    	  126.22    	  63.203    	  22.703    	  40.313    	  18.470    	  19.067    	  19.887    	  18.353    	 9.84960E+06	 7.57459E+06	-2.29770E+06	 5.27690E+06	 3.85796E+06	 8.91247E+05	 5.27690E+05
   185.000    	 0.49395    	  41.000    	  20.252    	  1.7728    	  122.23    	 0.26091    	  316.65    	  205.43    	  0.0000    	  111.22    	  147.12    	  58.307    	  0.0000    	  0.0000    	  888.73    	  0.0000    	  0.0000    	  0.0000    	  0.0000    	  0.0000    	  0.0000    	  7.5594    	  5.9145    	  0.0000    	  0.0000    	  5.8458    	  6.4252    	  15.467    	  235.74    	  39.235    	  39.230    	  16.800    	  0.0000    	  152.73    	 0.18487    	 0.15000    	  147.33    	 0.76885    	 0.39500    	  17.365    	 2.97725E+06	-1.00446E-05	 6.30784E-06	 8.98560E+06	  17.000    	  11.600    	  1.5500    	  3.1000    	  16.353    	  162.80    	  62.956    	  9.4411    	  25.205    	  28.310    	  205.90    	  83.366    	  43.987    	  78.546    	 -43.101    	 -25.244    	  0.0000    	 -17.857    	  99.841    	  48.681    	  18.781    	  32.379    	  17.112    	  17.623    	  18.392    	  16.841    	 8.98560E+06	 6.91217E+06	-2.32936E+06	 4.58281E+06	 2.85141E+06	 1.27312E+06	 4.58281E+05
   186.000    	 0.50054    	  42.000    	  20.522    	  1.8401    	  122.59    	 0.27760    	  330.16    	  218.00    	  0.0000    	  112.15    	  156.64    	  61.364    	  0.0000    	  0.0000    	  872.98    	  0.0000    	  0.0000    	  0.0000    	  0.0000    	  0.0000    	  0.0000    	  7.5594    	  5.9567    	  0.0000    	  0.0000    	  5.8618    	  6.0704    	  17.545    	  169.75    	  71.369    	  71.327    	  23.800    	  0.0000    	  168.79    	 0.19760    	 0.15000    	  106.09    	  2.1982    	 0.95977    	  16.683    	 6.10840E+06	-1.92670E-05	  0.0000    	 1.81440E+07	  19.800    	  11.800    	  1.5500    	  3.7000    	  16.331    	  373.17    	  122.83    	  23.807    	  34.488    	  64.534    	  422.57    	  186.87    	  72.216    	  163.48    	 -49.394    	 -27.163    	  0.0000    	 -22.231    	  250.34    	  135.90    	  37.728    	  76.713    	  20.149    	  20.489    	  22.742    	  19.563    	 1.81440E+07	 1.41337E+07	-2.54224E+06	 1.15915E+07	 7.73696E+06	 2.69536E+06	 1.15915E+06
   187.000    	 0.51047    	  43.000    	  20.929    	  2.0524    	  124.94    	 0.30374    	  360.74    	  242.55    	  0.0000    	  118.18    	  171.54    	  71.017    	  0.0000    	  0.0000    	  840.30    	  0.0000    	  0.0000    	  0.0000    	  0.0000    	 0.65000    	 0.65000    	  7.5594    	  6.0421    	  0.0000    	  0.0000    	  5.8870    	  6.0487    	  8.8888    	  449.46    	  22.694    	  22.693    	  5.8000    	  0.0000    	  191.65    	 0.21331    	 0.15000    	  280.92    	 0.41510    	 0.18938    	  16.660    	 1.61952E+06	-8.81644E-06	  0.0000    	 4.57920E+06	  16.500    	  13.100    	  1.5100    	  6.1000    	  16.307    	  64.902    	  14.389    	 -8.9135    	  16.528    	  6.7742    	  105.93    	  43.829    	  26.223    	  35.879    	 -41.029    	 -26.763    	  0.0000    	 -14.265    	  50.513    	  25.979    	  9.6952    	  14.839    	  16.279    	  16.689    	  16.655    	  16.399    	 4.57920E+06	 3.54897E+06	-2.31240E+06	 1.23657E+06	 1.48100E+06	-3.68085E+05	 1.23657E+05
   188.000    	 0.51696    	  44.000    	  21.195    	  2.1055    	  124.94    	 0.31327    	  368.58    	  250.40    	  0.0000    	  118.18    	  176.97    	  73.428    	  0.0000    	  0.0000    	  936.06    	  0.0000    	  0.0000    	  0.0000    	  0.0000    	 0.65000    	 0.65000    	  8.2094    	  5.4299    	  0.0000    	  0.0000    	  6.5370    	  5.8060    	  23.542    	  169.11    	  82.050    	  82.013    	  1.1000    	  0.0000    	  196.94    	 0.21755    	 0.15000    	  105.69    	  2.7568    	 0.97672    	  16.190    	 7.07814E+06	  0.0000    	  0.0000    	 1.97856E+07	  20.600    	  11.700    	  1.5100    	  4.1000    	  16.281    	  415.84    	  122.15    	  18.637    	  39.895    	  63.620    	  466.39    	  218.08    	  85.419    	  162.90    	 -50.553    	 -29.805    	  0.0000    	 -20.748    	  293.69    	  169.64    	  45.524    	  78.527    	  20.750    	  21.228    	  23.428    	  20.336    	 1.97856E+07	 1.55480E+07	-2.60380E+06	 1.29442E+07	 9.14707E+06	 2.50271E+06	 1.29442E+06
   189.000    	 0.52735    	  45.000    	  21.621    	  2.3101    	  127.46    	 0.34340    	  401.82    	  276.87    	  0.0000    	  124.95    	  194.14    	  82.728    	  0.0000    	  0.0000    	  1005.1    	  0.0000    	  0.0000    	  0.0000    	  0.0000    	 0.65000    	 0.65000    	  8.8594    	  4.8749    	  0.0000    	  0.0000    	  7.1076    	  5.8852    	  27.254    	  154.88    	  94.995    	  94.916    	 0.70000    	  0.0000    	  196.67    	 0.21423    	 0.15000    	  96.797    	  3.5474    	  1.1043    	  16.369    	 8.19528E+06	-7.91457E-06	  0.0000    	 2.20320E+07	  22.300    	  10.800    	  1.3500    	  1.4000    	  16.254    	  460.37    	  99.801    	  11.170    	  37.934    	  50.696    	  522.83    	  258.58    	  95.328    	  168.92    	 -62.460    	 -36.249    	  0.0000    	 -26.211    	  360.57    	  211.16    	  57.394    	  92.008    	  22.567    	  23.645    	  27.385    	  21.957    	 2.20320E+07	 1.73878E+07	-3.00881E+06	 1.43789E+07	 1.13966E+07	 1.54442E+06	 1.43789E+06
   190.000    	 0.53955    	  46.000    	  22.122    	  2.5345    	  129.91    	 0.38087    	  440.31    	  308.43    	  0.0000    	  131.89    	  215.50    	  92.927    	  0.0000    	  0.0000    	  1067.8    	  0.0000    	  0.0000    	  0.0000    	  0.0000    	 0.65000    	 0.65000    	  9.5094    	  4.3204    	  0.0000    	  0.0000    	  7.6877    	  6.0636    	  26.916    	  149.71    	  91.391    	  91.296    	 0.40000    	  0.0000    	  195.03    	 0.21005    	 0.15000    	  93.568    	  3.1088    	 0.86929    	  16.747    	 7.84821E+06	-7.22247E-06	  0.0000    	 2.03904E+07	  20.300    	  11.000    	  1.3600    	  1.5000    	  16.225    	  424.17    	  112.59    	  20.825    	  45.866    	  45.895    	  483.41    	  239.65    	  103.61    	  140.15    	 -59.236    	 -37.498    	  0.0000    	 -21.737    	  311.59    	  181.33    	  57.743    	  72.519    	  20.873    	  21.838    	  24.868    	  20.022    	 2.03904E+07	 1.60616E+07	-2.89851E+06	 1.31631E+07	 9.74620E+06	 2.10056E+06	 1.31631E+06
   191.000    	 0.55019    	  47.000    	  22.558    	  2.7521    	  132.21    	 0.41574    	  476.95    	  338.20    	  0.0000    	  138.75    	  235.37    	  102.82    	  0.0000    	  0.0000    	  1132.7    	  0.0000    	  0.0000    	  0.0000    	  0.0000    	 0.65000    	 0.65000    	  10.159    	  3.7657    	  0.0000    	  0.0000    	  8.2638    	  6.0654    	  22.680    	  157.74    	  79.970    	  79.917    	  5.1000    	  0.0000    	  193.62    	 0.20637    	 0.15000    	  98.585    	  2.2865    	 0.58830    	  16.771    	 6.62352E+06	-1.33351E-05	  0.0000    	 1.67616E+07	  18.600    	  9.7000    	  1.4070    	  2.1000    	  16.195    	  343.24    	  107.80    	  18.478    	  52.373    	  36.952    	  395.09    	  188.35    	  104.90    	  101.84    	 -51.850    	 -35.897    	  0.0000    	 -15.953    	  235.44    	  133.97    	  52.529    	  48.939    	  18.870    	  19.859    	  21.539    	  18.333    	 1.67616E+07	 1.31270E+07	-2.65232E+06	 1.04747E+07	 7.04321E+06	 2.38403E+06	 1.04747E+06
   192.000    	 0.55787    	  48.000    	  22.873    	  2.9818    	  134.62    	 0.44233    	  508.27    	  363.80    	  0.0000    	  144.48    	  250.53    	  113.26    	  0.0000    	  1.7887    	  1208.7    	  0.0000    	  0.0000    	  0.0000    	  0.0000    	 0.65000    	 0.65000    	  10.809    	  3.2148    	  0.0000    	  0.0000    	  8.8424    	  5.8540    	  20.262    	  206.53    	  54.426    	  54.416    	 0.70000    	  0.0000    	  198.12    	 0.20709    	 0.15000    	  129.08    	  1.1696    	 0.28381    	  16.314    	 4.08832E+06	-1.87242E-05	 8.82261E-06	 1.01088E+07	  17.500    	  10.600    	  1.5010    	  3.2000    	  16.163    	  192.38    	  65.747    	  1.3235    	  45.583    	  18.841    	  235.72    	  102.24    	  80.434    	  53.047    	 -43.335    	 -32.586    	  0.0000    	 -10.748    	  126.64    	  68.328    	  34.851    	  23.458    	  17.341    	  18.221    	  18.588    	  17.292    	 1.01088E+07	 7.84462E+06	-2.33488E+06	 5.50974E+06	 3.56083E+06	 1.39794E+06	 5.50974E+05
   193.000    	 0.56414    	  49.000    	  23.130    	  3.1172    	  134.75    	 0.46489    	  527.68    	  382.81    	  0.0000    	  144.88    	  263.39    	  119.41    	  0.0000    	  1.7887    	  1291.3    	  0.0000    	  0.0000    	  0.0000    	  0.0000    	 0.65000    	 0.65000    	  11.459    	  2.6116    	  0.0000    	  0.0000    	  9.4849    	  5.6019    	  20.309    	  219.58    	  56.394    	  56.389    	  1.4000    	  0.0000    	  197.58    	 0.20655    	 0.15000    	  137.24    	  1.3744    	 0.30048    	  15.822    	 4.10585E+06	-1.20245E-05	 8.32217E-06	 1.00224E+07	  19.600    	  12.500    	  1.6520    	  3.3000    	  16.130    	  195.07    	  51.168    	 -7.9039    	  42.848    	  16.224    	  234.07    	  101.73    	  82.610    	  49.736    	 -39.003    	 -29.762    	  0.0000    	 -9.2403    	  143.90    	  79.870    	  39.762    	  24.272    	  19.279    	  20.217    	  20.517    	  19.386    	 1.00224E+07	 7.77845E+06	-2.10912E+06	 5.66933E+06	 4.10338E+06	 9.99008E+05	 5.66933E+05
   194.000    	 0.57323    	  50.000    	  23.502    	  3.1459    	  134.75    	 0.49857    	  548.19    	  403.31    	  0.0000    	  144.88    	  282.59    	  120.72    	  0.0000    	  1.7887    	  1370.2    	  0.0000    	  0.0000    	  0.0000    	  0.0000    	 0.65000    	 0.65000    	  12.109    	  2.0064    	  0.0000    	  0.0000    	  10.135    	  5.6514    	  25.835    	  191.95    	  83.943    	  83.948    	 0.10000    	  0.0000    	  197.40    	 0.20642    	 0.15000    	  119.97    	  2.8001    	 0.56484    	  15.943    	 6.11097E+06	-1.15757E-05	 7.87546E-06	 1.48608E+07	  25.100    	  16.300    	  2.0640    	  2.9000    	  16.096    	  321.85    	  45.440    	 -22.960    	  45.307    	  23.093    	  350.97    	  164.90    	  110.33    	  75.748    	 -29.123    	 -21.083    	  0.0000    	 -8.0405    	  276.41    	  166.78    	  65.020    	  44.614    	  24.479    	  25.785    	  26.609    	  24.833    	 1.48608E+07	 1.16153E+07	-1.55266E+06	 1.00627E+07	 8.24406E+06	 8.12349E+05	 1.00627E+06
   195.000    	 0.58955    	  51.000    	  24.172    	  3.1459    	  134.75    	 0.56176    	  581.20    	  436.33    	  0.0000    	  144.88    	  315.61    	  120.72    	  0.0000    	  1.7887    	  1432.5    	  0.0000    	  0.0000    	  0.0000    	  0.0000    	 0.65000    	 0.65000    	  12.759    	  1.4057    	  0.0000    	  0.0000    	  10.785    	  6.2848    	  30.943    	  151.44    	  108.81    	  108.81    	  0.0000    	  0.0000    	  194.24    	 0.20408    	 0.15000    	  94.651    	  3.7928    	 0.74218    	  17.244    	 8.23547E+06	  0.0000    	 1.49485E-05	 1.99584E+07	  25.200    	  14.500    	  2.0200    	  3.3000    	  16.060    	  445.71    	  72.485    	 -18.035    	  54.903    	  35.617    	  478.00    	  246.65    	  124.63    	  106.73    	 -32.292    	 -22.690    	  0.0000    	 -9.6016    	  373.22    	  241.99    	  69.726    	  61.507    	  24.664    	  25.884    	  27.385    	  24.875    	 1.99584E+07	 1.57528E+07	-1.67923E+06	 1.40735E+07	 1.11107E+07	 1.55548E+06	 1.40735E+06
   196.000    	 0.60489    	  52.000    	  24.800    	  3.2086    	  135.35    	 0.62565    	  625.44    	  478.59    	  0.0000    	  146.85    	  355.02    	  123.57    	  0.0000    	  1.7887    	  1482.4    	  0.0000    	  0.0000    	  0.0000    	  0.0000    	 0.65000    	 0.65000    	  13.409    	 0.82671    	  0.0000    	  0.0000    	  11.418    	  6.6809    	  28.441    	  239.59    	  92.931    	  92.949    	  0.0000    	  0.0000    	  190.34    	 0.20056    	 0.15000    	  149.74    	  3.5727    	 0.67879    	  18.053    	 6.75906E+06	  0.0000    	 2.13359E-05	 1.63296E+07	  29.800    	  14.400    	  2.2300    	  1.6000    	  16.023    	  364.07    	  13.621    	 -46.707    	  40.834    	  19.495    	  388.21    	  188.48    	  117.46    	  82.272    	 -24.136    	 -16.252    	  0.0000    	 -7.8838    	  350.45    	  218.94    	  76.624    	  54.893    	  28.254    	  30.561    	  31.617    	  29.330    	 1.63296E+07	 1.27950E+07	-1.27991E+06	 1.15151E+07	 1.04160E+07	 -52494.    	 1.15151E+06
   197.000    	 0.62207    	  53.000    	  25.505    	  3.2086    	  135.35    	 0.70200    	  661.43    	  515.23    	  0.0000    	  146.19    	  391.66    	  123.57    	  0.0000    	  2.4481    	  1540.0    	  0.0000    	  0.0000    	  0.0000    	  0.0000    	 0.65000    	 0.24379    	  14.059    	 0.24379    	  0.0000    	  0.0000    	  12.068    	  7.2722    	  29.965    	  198.04    	  101.55    	  101.58    	 0.80000    	  0.0000    	  186.19    	 0.19749    	 0.15000    	  123.78    	  3.8847    	 0.72992    	  19.214    	 7.41128E+06	  0.0000    	 2.03495E-05	 1.78848E+07	  28.600    	  16.900    	  2.2280    	  1.9000    	  15.984    	  402.43    	  27.720    	 -42.166    	  45.706    	  24.179    	  427.46    	  213.93    	  122.07    	  91.455    	 -25.026    	 -16.870    	  0.0000    	 -8.1559    	  374.71    	  239.23    	  76.362    	  59.119    	  27.429    	  29.397    	  30.751    	  28.241    	 1.78848E+07	 1.40523E+07	-1.30556E+06	 1.27468E+07	 1.13057E+07	 1.66366E+05	 1.27468E+06
   198.000    	 0.64058    	  54.000    	  26.264    	  3.2086    	  135.35    	 0.78423    	  701.99    	  555.91    	  0.0000    	  146.08    	  432.34    	  123.57    	  0.0000    	  2.5564    	  1526.8    	  0.0000    	  0.0000    	  0.0000    	  0.0000    	 0.65000    	 6.90014E-02	  14.303    	 6.90014E-02	  0.0000    	  0.0000    	  12.323    	  7.7981    	  29.040    	  148.95    	  116.66    	  116.68    	  2.1000    	  0.0000    	  182.48    	 0.19475    	 0.15000    	  93.096    	  4.3361    	 0.76848    	  20.256    	 9.15707E+06	  0.0000    	 2.66702E-05	 2.20320E+07	  23.400    	  13.800    	  1.6440    	  3.4000    	  15.945    	  488.88    	  79.713    	 -21.154    	  60.539    	  40.328    	  532.90    	  287.14    	  128.63    	  117.12    	 -44.021    	 -31.715    	  0.0000    	 -12.306    	  409.16    	  276.58    	  68.094    	  64.490    	  22.882    	  24.072    	  25.924    	  23.105    	 2.20320E+07	 1.74495E+07	-2.26090E+06	 1.51886E+07	 1.25062E+07	 1.16356E+06	 1.51886E+06
   199.000    	 0.65415    	  55.000    	  26.820    	  3.2086    	  136.74    	 0.85122    	  751.75    	  601.41    	  0.0000    	  150.33    	  477.84    	  123.57    	  0.0000    	  2.9290    	  1479.2    	  0.0000    	  0.0000    	  0.0000    	  0.0000    	 0.65000    	 9.77705E-02	  14.372    	 9.77705E-02	  0.0000    	  0.0000    	  12.428    	  7.6567    	  26.826    	  149.32    	  107.58    	  107.59    	  2.2000    	  0.0000    	  180.83    	 0.19217    	 0.15000    	  93.324    	  3.7950    	 0.69163    	  20.008    	 8.35682E+06	  0.0000    	 2.65421E-05	 2.01312E+07	  22.900    	  12.600    	  1.6000    	  1.9000    	  15.904    	  439.64    	  75.276    	 -14.447    	  56.260    	  33.462    	  485.43    	  253.68    	  126.49    	  105.25    	 -45.788    	 -32.699    	  0.0000    	 -13.090    	  364.36    	  235.43    	  70.233    	  58.699    	  22.384    	  23.888    	  26.009    	  22.582    	 2.01312E+07	 1.58803E+07	-2.30837E+06	 1.35719E+07	 1.09923E+07	 1.22246E+06	 1.35719E+06
   200.000    	 0.66681    	  56.000    	  27.339    	  3.2086    	  137.92    	 0.91854    	  795.94    	  643.58    	  0.0000    	  152.36    	  520.01    	  123.57    	  0.0000    	  4.9202    	  1440.5    	  0.0000    	  0.0000    	  0.0000    	  0.0000    	 0.65000    	 9.12547E-02	  14.470    	 9.12547E-02	  0.0000    	  0.0000    	  12.554    	  7.4889    	  27.472    	  167.56    	  112.02    	  112.11    	  0.0000    	  0.0000    	  179.70    	 0.19022    	 0.15000    	  104.73    	  4.3638    	 0.75850    	  19.653    	 8.79469E+06	  0.0000    	 1.97721E-05	 2.11680E+07	  25.000    	  10.000    	  1.4550    	  1.2000    	  15.862    	  461.16    	  46.217    	 -35.450    	  51.400    	  30.267    	  512.70    	  273.21    	  127.61    	  111.88    	 -51.536    	 -35.731    	  0.0000    	 -15.805    	  414.95    	  272.93    	  76.206    	  65.809    	  23.725    	  26.142    	  28.805    	  24.534    	 2.11680E+07	 1.67306E+07	-2.53897E+06	 1.41916E+07	 1.25496E+07	 2.22850E+05	 1.41916E+06
   201.000    	 0.67939    	  57.000    	  27.855    	  3.2552    	  139.24    	 0.98814    	  842.40    	  687.33    	  0.0000    	  155.07    	  561.64    	  125.69    	  0.0000    	  6.8436    	  1399.6    	  0.0000    	  0.0000    	  0.0000    	  0.0000    	 0.65000    	 9.31376E-02	  14.561    	 9.31376E-02	  0.0000    	  0.0000    	  12.672    	  7.3587    	  17.042    	  293.47    	  49.975    	  49.975    	  11.800    	  0.0000    	  175.87    	 0.18623    	 0.15000    	  183.42    	  1.3783    	 0.27762    	  19.376    	 3.51055E+06	  0.0000    	 2.61976E-05	 8.46720E+06	  22.500    	  14.800    	  1.8620    	  2.6000    	  15.818    	  167.15    	  22.975    	 -21.291    	  34.282    	  9.9835    	  199.91    	  86.793    	  73.564    	  39.556    	 -32.768    	 -25.436    	  0.0000    	 -7.3319    	  144.17    	  82.649    	  39.282    	  22.240    	  21.950    	  22.859    	  23.108    	  22.260    	 8.46720E+06	 6.55124E+06	-1.74665E+06	 4.80459E+06	 4.05688E+06	 2.67247E+05	 4.80459E+05
   202.000    	 0.69222    	  58.000    	  28.381    	  3.2552    	  139.24    	  1.0229    	  859.06    	  706.04    	  0.0000    	  153.02    	  580.35    	  125.69    	  0.0000    	  8.8962    	  1390.5    	  0.0000    	  0.0000    	  0.0000    	  0.0000    	 0.65000    	 6.18415E-02	  14.654    	 6.18415E-02	  0.0000    	  0.0000    	  12.772    	  7.3014    	  27.001    	  154.18    	  120.97    	  120.98    	  14.900    	  0.0000    	  186.11    	 0.19359    	 0.15000    	  96.363    	  4.7840    	 0.83961    	  19.239    	 1.02235E+07	 1.46793E-05	 3.25389E-05	 2.44512E+07	  23.200    	  12.000    	  1.4530    	  2.4000    	  15.774    	  547.68    	  97.393    	 -9.2272    	  63.442    	  43.178    	  600.38    	  339.48    	  129.14    	  131.76    	 -52.699    	 -37.636    	  0.0000    	 -15.064    	  450.29    	  311.07    	  65.699    	  73.516    	  22.802    	  24.000    	  26.672    	  22.849    	 2.44512E+07	 1.94778E+07	-2.60535E+06	 1.68724E+07	 1.37779E+07	 1.40726E+06	 1.68724E+06
   203.000    	 0.70474    	  59.000    	  28.894    	  3.2827    	  141.85    	  1.0972    	  912.53    	  750.75    	  0.0000    	  161.78    	  623.81    	  126.94    	  0.0000    	  9.5211    	  1343.3    	  0.0000    	  0.0000    	  0.0000    	  0.0000    	 0.65000    	 0.12072    	  14.716    	 0.12072    	  0.0000    	  0.0000    	  12.865    	  7.1931    	  22.303    	  160.76    	  81.827    	  81.809    	  4.2000    	  0.0000    	  197.84    	 0.19940    	 0.15000    	  100.48    	  2.2868    	 0.44494    	  19.052    	 6.29498E+06	-6.91353E-06	 2.59217E-05	 1.51200E+07	  20.000    	  10.700    	  1.5680    	  2.1000    	  15.729    	  319.50    	  83.514    	 0.20717    	  57.730    	  25.577    	  363.68    	  174.34    	  115.06    	  74.285    	 -44.179    	 -33.228    	  0.0000    	 -10.950    	  235.99    	  140.90    	  57.329    	  37.757    	  19.761    	  20.812    	  22.182    	  19.707    	 1.51200E+07	 1.18287E+07	-2.25093E+06	 9.57780E+06	 6.69278E+06	 1.92723E+06	 9.57780E+05
   204.000    	 0.71359    	  60.000    	  29.257    	  3.4691    	  142.61    	  1.1370    	  943.72    	  781.93    	  0.0000    	  161.79    	  646.52    	  135.41    	  0.0000    	  12.366    	  1325.9    	  0.0000    	  0.0000    	  0.0000    	  0.0000    	 0.65000    	 7.56998E-02	  14.837    	 7.56998E-02	  0.0000    	  0.0000    	  12.989    	  6.8225    	  16.943    	  282.32    	  50.930    	  50.930    	  6.7000    	  0.0000    	  200.08    	 0.20024    	 0.15000    	  176.45    	  1.3570    	 0.23917    	  18.283    	 3.64111E+06	 1.33366E-05	 2.57108E-05	 8.64000E+06	  20.900    	  10.200    	  1.6080    	  2.7000    	  15.682    	  166.11    	  21.232    	 -26.259    	  38.064    	  9.4272    	  205.79    	  89.374    	  78.833    	  37.585    	 -39.682    	 -31.639    	  0.0000    	 -8.0424    	  144.88    	  83.993    	  40.769    	  20.116    	  20.205    	  21.153    	  21.378    	  20.561    	 8.64000E+06	 6.70079E+06	-2.08545E+06	 4.61533E+06	 3.91054E+06	 2.43259E+05	 4.61533E+05
   205.000    	 0.72196    	  61.000    	  29.600    	  3.4691    	  142.61    	  1.1815    	  961.89    	  801.24    	  0.0000    	  160.65    	  665.83    	  135.41    	  0.0000    	  13.506    	  1313.2    	  0.0000    	  0.0000    	  0.0000    	  0.0000    	 0.65000    	 5.54409E-02	  14.913    	 5.54409E-02	  0.0000    	  0.0000    	  13.074    	  6.4930    	  21.187    	  168.91    	  82.351    	  82.344    	  4.2000    	  0.0000    	  205.29    	 0.20388    	 0.15000    	  105.57    	  2.4220    	 0.42042    	  17.642    	 6.38610E+06	  0.0000    	 2.55803E-05	 1.51200E+07	  19.800    	  13.400    	  1.5470    	  4.2000    	  15.635    	  322.21    	  86.290    	 -3.2834    	  63.954    	  25.620    	  365.91    	  176.65    	  119.76    	  69.496    	 -43.701    	 -34.195    	  0.0000    	 -9.5060    	  235.92    	  145.73    	  55.811    	  34.370    	  19.593    	  20.330    	  21.251    	  19.596    	 1.51200E+07	 1.18458E+07	-2.27135E+06	 9.57442E+06	 6.96393E+06	 1.65304E+06	 9.57442E+05
   206.000    	 0.73206    	  62.000    	  30.014    	  3.4691    	  143.52    	  1.2455    	  996.33    	  832.74    	  0.0000    	  163.58    	  697.33    	  135.41    	  0.0000    	  14.089    	  1281.5    	  0.0000    	  0.0000    	  0.0000    	  0.0000    	 0.65000    	 7.49056E-02	  14.968    	 7.49056E-02	  0.0000    	  0.0000    	  13.151    	  6.3989    	  24.699    	  152.21    	  109.84    	  109.82    	  0.0000    	  0.0000    	  207.57    	 0.20456    	 0.15000    	  95.132    	  3.9199    	 0.66114    	  17.479    	 9.20675E+06	 6.31047E-06	 2.54855E-05	 2.16864E+07	  22.200    	  13.000    	  1.5990    	  2.9000    	  15.587    	  489.36    	  113.81    	  7.2420    	  69.152    	  37.417    	  535.65    	  293.75    	  135.15    	  106.76    	 -46.290    	 -34.684    	  0.0000    	 -11.605    	  375.55    	  251.82    	  65.997    	  57.735    	  22.073    	  22.889    	  24.966    	  21.906    	 2.16864E+07	 1.72338E+07	-2.29863E+06	 1.49351E+07	 1.12234E+07	 2.21818E+06	 1.49351E+06
   207.000    	 0.74432    	  63.000    	  30.517    	  3.4691    	  145.00    	  1.3248    	  1043.9    	  872.10    	  0.0000    	  171.77    	  736.69    	  135.41    	  0.0000    	  15.654    	  1242.7    	  0.0000    	  0.0000    	  0.0000    	  0.0000    	 0.65000    	 8.81590E-02	  15.043    	 8.81590E-02	  0.0000    	  0.0000    	  13.247    	  6.5092    	  18.892    	  220.37    	  60.208    	  60.206    	  9.1000    	  0.0000    	  204.42    	 0.20091    	 0.15000    	  137.73    	  1.6342    	 0.30303    	  17.692    	 4.36942E+06	 6.02134E-06	 2.53586E-05	 1.03680E+07	  21.400    	  15.400    	  1.8170    	  3.5000    	  15.537    	  214.64    	  47.860    	 -14.184    	  47.779    	  14.266    	  249.10    	  109.73    	  93.635    	  45.734    	 -34.460    	 -27.307    	  0.0000    	 -7.1522    	  166.78    	  96.608    	  45.856    	  24.316    	  21.062    	  21.794    	  22.247    	  21.207    	 1.03680E+07	 8.05014E+06	-1.80605E+06	 6.24409E+06	 4.74615E+06	 8.73528E+05	 6.24409E+05
   208.000    	 0.75691    	  64.000    	  31.033    	  3.4691    	  145.00    	  1.3679    	  1064.4    	  895.58    	  0.0000    	  168.81    	  760.17    	  135.41    	  0.0000    	  18.609    	  1226.7    	  0.0000    	  0.0000    	  0.0000    	  0.0000    	 0.65000    	 5.50793E-02	  15.131    	 5.50793E-02	  0.0000    	  0.0000    	  13.347    	  6.6527    	  22.690    	  163.84    	  98.793    	  98.786    	 0.20000    	  0.0000    	  211.68    	 0.20592    	 0.15000    	  102.40    	  3.4291    	 0.57084    	  17.929    	 8.09231E+06	 1.17808E-05	 3.78163E-05	 1.90944E+07	  21.500    	  14.300    	  1.5840    	  4.7000    	  15.487    	  426.34    	  101.63    	 -1.1480    	  68.504    	  34.273    	  470.90    	  247.11    	  131.44    	  92.356    	 -44.563    	 -34.248    	  0.0000    	 -10.315    	  324.71    	  214.01    	  62.934    	  47.768    	  21.299    	  21.961    	  23.335    	  21.267    	 1.90944E+07	 1.50989E+07	-2.26103E+06	 1.28378E+07	 9.79980E+06	 1.75425E+06	 1.28378E+06
   209.000    	 0.76917    	  65.000    	  31.536    	  3.4691    	  145.00    	  1.4501    	  1107.2    	  931.06    	  0.0000    	  176.13    	  795.65    	  135.41    	  0.0000    	  19.683    	  1189.7    	  0.0000    	  0.0000    	  0.0000    	  0.0000    	 0.65000    	 5.57032E-02	  15.186    	 5.57032E-02	  0.0000    	  0.0000    	  13.423    	  6.7017    	  22.806    	  153.62    	  96.777    	  96.748    	  13.900    	  0.0000    	  207.98    	 0.20337    	 0.15000    	  96.010    	  3.1633    	 0.55716    	  18.041    	 8.05627E+06	 3.39810E-05	 3.13993E-05	 1.90080E+07	  20.800    	  14.300    	  1.6010    	  2.9000    	  15.436    	  424.66    	  120.72    	  17.291    	  69.959    	  33.470    	  469.77    	  246.65    	  131.12    	  92.004    	 -45.108    	 -34.321    	  0.0000    	 -10.787    	  303.94    	  195.04    	  61.159    	  47.747    	  20.863    	  21.514    	  23.320    	  20.589    	 1.90080E+07	 1.50255E+07	-2.23816E+06	 1.27874E+07	 9.11519E+06	 2.39345E+06	 1.27874E+06
   210.000    	 0.78123    	  66.000    	  32.031    	  3.4691    	  145.00    	  1.5099    	  1147.1    	  965.28    	  0.0000    	  181.83    	  829.87    	  135.41    	  0.0000    	  22.417    	  1154.5    	  0.0000    	  0.0000    	  0.0000    	  0.0000    	 0.65000    	 5.58180E-02	  15.242    	 5.58180E-02	  0.0000    	  0.0000    	  13.498    	  6.7396    	  18.089    	  218.28    	  58.834    	  58.828    	  19.100    	  0.0000    	  218.26    	 0.21046    	 0.15000    	  136.42    	  1.5145    	 0.27203    	  18.081    	 4.47900E+06	 1.09182E-05	 2.50276E-05	 1.06272E+07	  18.800    	  9.4000    	  1.4470    	  2.2000    	  15.384    	  212.65    	  51.839    	 -13.945    	  50.912    	  14.872    	  257.73    	  114.02    	  96.024    	  47.677    	 -45.071    	 -35.596    	  0.0000    	 -9.4750    	  160.81    	  92.373    	  45.112    	  23.330    	  18.313    	  19.275    	  19.946    	  18.493    	 1.06272E+07	 8.26570E+06	-2.29380E+06	 5.97190E+06	 4.37706E+06	 9.97655E+05	 5.97190E+05
   211.000    	 0.78787    	  67.000    	  32.303    	  3.4691    	  145.00    	  1.5407    	  1167.2    	  988.43    	  0.0000    	  178.73    	  853.02    	  135.41    	  0.0000    	  25.524    	  1133.7    	  0.0000    	  0.0000    	  0.0000    	  0.0000    	 0.65000    	 5.31673E-02	  15.298    	 5.31673E-02	  0.0000    	  0.0000    	  13.567    	  6.2981    	  20.736    	  175.51    	  89.692    	  89.679    	  2.3000    	  0.0000    	  235.68    	 0.22247    	 0.15000    	  109.70    	  2.9388    	 0.55158    	  17.171    	 8.72927E+06	 2.14108E-05	 3.74045E-05	 2.05632E+07	  17.800    	  9.0000    	  1.1720    	  3.1000    	  15.332    	  454.47    	  166.70    	  48.891    	  77.717    	  40.089    	  514.70    	  278.54    	  132.94    	  103.21    	 -60.225    	 -46.160    	  0.0000    	 -14.065    	  287.78    	  183.49    	  55.224    	  49.057    	  18.152    	  18.467    	  20.634    	  17.511    	 2.05632E+07	 1.63569E+07	-2.93502E+06	 1.34219E+07	 8.55137E+06	 3.52832E+06	 1.34219E+06
   212.000    	 0.79429    	  68.000    	  32.566    	  3.4691    	  145.00    	  1.5848    	  1205.6    	  1020.6    	  0.0000    	  184.98    	  885.21    	  135.41    	  0.0000    	  26.836    	  1100.7    	  0.0000    	  0.0000    	  0.0000    	  0.0000    	 0.65000    	 4.97112E-02	  15.351    	 4.97112E-02	  0.0000    	  0.0000    	  13.637    	  5.9124    	  21.753    	  173.07    	  91.946    	  91.910    	  0.0000    	  0.0000    	  234.58    	 0.22171    	 0.15000    	  108.17    	  3.1314    	 0.58317    	  16.411    	 8.80549E+06	 2.07271E-05	 3.72749E-05	 2.07360E+07	  18.800    	  9.1000    	  1.2160    	  1.7000    	  15.278    	  459.67    	  150.18    	  40.766    	  73.027    	  36.385    	  520.74    	  283.33    	  132.82    	  104.59    	 -61.072    	 -45.883    	  0.0000    	 -15.189    	  309.49    	  196.68    	  59.796    	  53.017    	  19.241    	  19.757    	  22.682    	  18.479    	 2.07360E+07	 1.65024E+07	-2.88961E+06	 1.36128E+07	 9.10062E+06	 3.15091E+06	 1.36128E+06
   213.000    	 0.80206    	  69.000    	  32.885    	  3.4691    	  145.00    	  1.6382    	  1243.4    	  1053.4    	  0.0000    	  190.00    	  917.97    	  135.41    	  0.0000    	  29.511    	  1066.4    	  0.0000    	  0.0000    	  0.0000    	  0.0000    	 0.65000    	 4.75453E-02	  15.401    	 4.75453E-02	  0.0000    	  0.0000    	  13.704    	  5.7467    	  24.014    	  192.09    	  106.49    	  106.45    	  0.0000    	  0.0000    	  230.97    	 0.21922    	 0.15000    	  120.06    	  4.3989    	 0.76307    	  16.048    	 1.03392E+07	 3.01119E-05	 3.71546E-05	 2.42784E+07	  22.900    	  8.3000    	  1.2540    	  1.5000    	  15.224    	  554.43    	  122.29    	  16.112    	  67.818    	  38.359    	  617.40    	  358.54    	  131.82    	  127.04    	 -62.977    	 -45.941    	  0.0000    	 -17.036    	  432.14    	  296.49    	  64.004    	  71.647    	  22.814    	  23.672    	  27.270    	  22.415    	 2.42784E+07	 1.94741E+07	-2.91883E+06	 1.65553E+07	 1.26467E+07	 2.25303E+06	 1.65553E+06
   214.000    	 0.81262    	  70.000    	  33.317    	  3.4691    	  145.00    	  1.7109    	  1287.8    	  1091.9    	  0.0000    	  195.84    	  956.51    	  135.41    	  0.0000    	  32.659    	  1024.3    	  0.0000    	  0.0000    	  0.0000    	  0.0000    	 0.65000    	 4.73610E-02	  15.448    	 4.73610E-02	  0.0000    	  0.0000    	  13.773    	  5.8527    	  15.725    	  304.68    	  48.099    	  48.097    	  0.0000    	  0.0000    	  225.91    	 0.21573    	 0.15000    	  190.43    	  1.4197    	 0.22652    	  16.223    	 3.53181E+06	 2.90378E-05	 3.08669E-05	 8.38080E+06	  21.300    	  10.000    	  1.5250    	  1.1000    	  15.169    	  162.71    	  13.595    	 -30.374    	  35.173    	  8.7957    	  205.09    	  88.941    	  78.338    	  37.811    	 -42.377    	 -33.166    	  0.0000    	 -9.2109    	  149.12    	  86.149    	  43.165    	  19.804    	  20.317    	  21.692    	  22.307    	  20.922    	 8.38080E+06	 6.51338E+06	-2.10008E+06	 4.41330E+06	 4.03321E+06	 -61236.    	 4.41330E+05
   215.000    	 0.82140    	  71.000    	  33.677    	  3.4691    	  145.00    	  1.7377    	  1302.2    	  1110.3    	  0.0000    	  191.93    	  974.91    	  135.41    	  0.0000    	  36.570    	  1008.2    	  0.0000    	  0.0000    	  0.0000    	  0.0000    	 0.65000    	 4.71134E-02	  15.496    	 4.71134E-02	  0.0000    	  0.0000    	  13.829    	  5.8455    	  21.063    	  191.53    	  93.923    	  93.900    	  0.0000    	  0.0000    	  224.36    	 0.21466    	 0.15000    	  119.71    	  3.5584    	 0.60238    	  16.152    	 8.28791E+06	 2.86368E-05	 3.07725E-05	 1.95264E+07	  22.600    	  10.100    	  1.4070    	  1.4000    	  15.114    	  439.16    	  87.192    	 -4.2654    	  62.183    	  29.275    	  492.70    	  264.02    	  130.73    	  97.945    	 -53.531    	 -39.611    	  0.0000    	 -13.920    	  351.97    	  228.68    	  68.544    	  54.751    	  22.187    	  23.339    	  26.061    	  22.179    	 1.95264E+07	 1.54949E+07	-2.51907E+06	 1.29758E+07	 1.01939E+07	 1.48436E+06	 1.29758E+06
   216.000    	 0.83237    	  72.000    	  34.127    	  3.4691    	  145.00    	  1.8126    	  1342.7    	  1144.6    	  0.0000    	  198.10    	  1009.2    	  135.41    	  0.0000    	  38.052    	  971.49    	  0.0000    	  0.0000    	  0.0000    	  0.0000    	 0.65000    	 4.77675E-02	  15.543    	 4.77675E-02	  0.0000    	  0.0000    	  13.893    	  5.9813    	  24.829    	  205.43    	  112.64    	  112.62    	  0.0000    	  0.0000    	  220.30    	 0.21186    	 0.15000    	  128.40    	  5.0428    	 0.85775    	  16.438    	 1.07973E+07	 9.25790E-06	 3.68151E-05	 2.53152E+07	  26.000    	  12.000    	  1.5560    	  1.9000    	  15.057    	  598.68    	  108.70    	  1.9983    	  67.546    	  39.156    	  651.00    	  387.50    	  128.81    	  134.68    	 -52.321    	 -37.711    	  0.0000    	 -14.610    	  489.98    	  347.79    	  61.268    	  80.917    	  25.663    	  26.544    	  29.779    	  25.526    	 2.53152E+07	 2.03496E+07	-2.41166E+06	 1.79380E+07	 1.44563E+07	 1.68785E+06	 1.79380E+06
   217.000    	 0.84668    	  73.000    	  34.714    	  3.4691    	  145.00    	  1.9062    	  1390.2    	  1186.0    	  0.0000    	  204.15    	  1050.6    	  135.41    	  0.0000    	  41.216    	  925.78    	  0.0000    	  0.0000    	  0.0000    	  0.0000    	 0.65000    	 5.03837E-02	  15.590    	 5.03837E-02	  0.0000    	  0.0000    	  13.961    	  6.4457    	  25.575    	  256.95    	  116.75    	  116.82    	  0.0000    	  0.0000    	  214.50    	 0.20786    	 0.15000    	  160.59    	  5.9664    	 0.95312    	  17.324    	 1.09912E+07	 1.78668E-05	 2.44682E-05	 2.57472E+07	  29.300    	  14.100    	  1.5680    	  3.2000    	  15.001    	  613.43    	  54.313    	 -49.111    	  66.938    	  36.486    	  663.61    	  395.20    	  131.44    	  136.97    	 -50.179    	 -36.928    	  0.0000    	 -13.251    	  559.12    	  407.38    	  64.499    	  87.237    	  28.326    	  29.513    	  31.633    	  28.782    	 2.57472E+07	 2.06960E+07	-2.35878E+06	 1.83372E+07	 1.69529E+07	-4.49417E+05	 1.83372E+06
   218.000    	 0.86336    	  74.000    	  35.398    	  3.4691    	  145.00    	  1.9952    	  1438.3    	  1229.0    	  0.0000    	  209.25    	  1093.6    	  135.41    	  0.0000    	  45.613    	  878.38    	  0.0000    	  0.0000    	  0.0000    	  0.0000    	 0.65000    	 5.45802E-02	  15.641    	 5.45802E-02	  0.0000    	  0.0000    	  14.030    	  7.1214    	  22.561    	  233.07    	  98.772    	  98.812    	 0.40000    	  0.0000    	  207.68    	 0.20316    	 0.15000    	  145.67    	  4.4236    	 0.70980    	  18.566    	 8.25566E+06	 1.72394E-05	 3.04867E-05	 1.94400E+07	  27.900    	  16.700    	  1.8880    	  2.8000    	  14.943    	  457.99    	  35.487    	 -47.586    	  56.509    	  26.564    	  494.34    	  266.72    	  129.80    	  97.817    	 -36.347    	 -26.920    	  0.0000    	 -9.4265    	  422.50    	  287.39    	  73.289    	  61.827    	  27.023    	  28.169    	  29.772    	  27.516    	 1.94400E+07	 1.54110E+07	-1.74622E+06	 1.36648E+07	 1.25767E+07	-2.78459E+05	 1.36648E+06
   219.000    	 0.88135    	  75.000    	  36.135    	  3.4691    	  145.00    	  2.0767    	  1477.1    	  1265.1    	  0.0000    	  212.07    	  1129.6    	  135.41    	  0.0000    	  50.653    	  840.66    	  0.0000    	  0.0000    	  0.0000    	  0.0000    	 0.65000    	 5.87506E-02	  15.695    	 5.87506E-02	  0.0000    	  0.0000    	  14.096    	  7.7220    	  16.697    	  241.97    	  56.791    	  56.786    	 0.40000    	  0.0000    	  203.05    	 0.19996    	 0.15000    	  151.23    	  1.7411    	 0.30501    	  19.626    	 4.37031E+06	 2.51216E-05	 3.03807E-05	 1.03680E+07	  22.000    	  15.400    	  1.7640    	  1.3000    	  14.885    	  220.75    	  43.344    	 -16.221    	  46.338    	  13.227    	  257.58    	  114.64    	  95.504    	  47.428    	 -36.828    	 -28.523    	  0.0000    	 -8.3044    	  177.40    	  102.34    	  49.166    	  25.896    	  21.525    	  22.563    	  23.620    	  21.772    	 1.03680E+07	 8.05579E+06	-1.78798E+06	 6.26781E+06	 5.01291E+06	 6.28123E+05	 6.26781E+05
   220.000    	 0.89477    	  76.000    	  36.686    	  3.4691    	  145.00    	  2.1163    	  1495.3    	  1287.8    	  0.0000    	  207.41    	  1152.4    	  135.41    	  0.0000    	  55.308    	  820.73    	  0.0000    	  0.0000    	  0.0000    	  0.0000    	 0.65000    	 5.98353E-02	  15.754    	 5.98353E-02	  0.0000    	  0.0000    	  14.163    	  7.6843    	  15.496    	  219.14    	  62.332    	  62.316    	  0.0000    	  0.0000    	  201.50    	 0.19890    	 0.15000    	  136.96    	  1.8278    	 0.34152    	  19.505    	 5.32401E+06	 2.47503E-05	 3.63209E-05	 1.26144E+07	  19.700    	  10.700    	  1.4770    	  1.5000    	  14.827    	  269.82    	  77.843    	-0.15572    	  59.381    	  18.617    	  316.31    	  148.33    	  108.71    	  59.267    	 -46.484    	 -36.057    	  0.0000    	 -10.427    	  191.98    	  112.43    	  49.333    	  30.223    	  19.422    	  20.307    	  21.733    	  19.387    	 1.26144E+07	 9.84480E+06	-2.21865E+06	 7.62615E+06	 5.31486E+06	 1.54868E+06	 7.62615E+05
   221.000    	 0.90331    	  77.000    	  37.036    	  3.4691    	  145.00    	  2.1642    	  1520.1    	  1310.2    	  0.0000    	  209.95    	  1174.8    	  135.41    	  0.0000    	  57.369    	  801.51    	  0.0000    	  0.0000    	  0.0000    	  0.0000    	 0.65000    	 5.72904E-02	  15.814    	 5.72904E-02	  0.0000    	  0.0000    	  14.225    	  7.1695    	  7.7416    	  821.91    	  12.220    	  12.220    	  7.6000    	  0.0000    	  199.43    	 0.19747    	 0.15000    	  513.69    	 0.29092    	 2.37900E-02	  18.574    	 8.37457E+05	 3.24403E-05	 3.01529E-05	 1.98720E+06	  17.400    	  14.000    	  1.6940    	  2.2000    	  14.768    	  14.498    	 -3.6652    	 -17.250    	  13.939    	-0.35434    	  49.504    	  21.488    	  18.993    	  9.0236    	 -35.006    	 -28.498    	  0.0000    	 -6.5084    	  18.163    	  10.240    	  5.0540    	  2.8695    	  17.059    	  17.453    	  17.253    	  17.281    	 1.98720E+06	 1.54051E+06	-1.75508E+06	-2.14569E+05	 7.71046E+05	-9.64158E+05	 -21457.    
   222.000    	 0.91115    	  78.000    	  37.357    	  3.4691    	  145.00    	  2.1682    	  1520.4    	  1312.7    	  0.0000    	  207.61    	  1177.3    	  135.41    	  0.0000    	  59.710    	  807.47    	  0.0000    	  0.0000    	  0.0000    	  0.0000    	 0.65000    	 5.39396E-02	  15.871    	 5.39396E-02	  0.0000    	  0.0000    	  14.283    	  6.7700    	  14.225    	  213.31    	  52.801    	  52.793    	  0.0000    	  0.0000    	  206.82    	 0.20256    	 0.15000    	  133.32    	  1.1740    	 0.26023    	  17.831    	 4.18802E+06	 1.61939E-05	 3.60529E-05	 9.93600E+06	  20.300    	  11.700    	  1.8070    	  1.9000    	  14.708    	  213.53    	  73.568    	  4.5349    	  54.041    	  14.992    	  249.10    	  110.41    	  92.804    	  45.878    	 -35.561    	 -27.914    	  0.0000    	 -7.6479    	  139.97    	  77.965    	  38.764    	  23.238    	  20.083    	  20.722    	  21.609    	  19.997    	 9.93600E+06	 7.72036E+06	-1.71646E+06	 6.00391E+06	 3.51381E+06	 1.88971E+06	 6.00391E+05
   223.000    	 0.92049    	  79.000    	  37.740    	  3.4691    	  145.00    	  2.2162    	  1541.6    	  1332.7    	  0.0000    	  208.96    	  1197.2    	  135.41    	  0.0000    	  60.524    	  790.46    	  0.0000    	  0.0000    	  0.0000    	  0.0000    	 0.65000    	 5.20999E-02	  15.925    	 5.20999E-02	  0.0000    	  0.0000    	  14.340    	  6.5576    	  19.493    	  210.26    	  85.770    	  85.785    	  0.0000    	  0.0000    	  205.48    	 0.20164    	 0.15000    	  131.41    	  3.2806    	 0.67118    	  17.479    	 9.61492E+06	 2.39565E-05	 3.59307E-05	 2.25504E+07	  21.200    	  9.8000    	  1.3680    	  1.1000    	  14.648    	  526.18    	  184.04    	  74.390    	  72.613    	  37.036    	  588.64    	  341.20    	  127.74    	  119.70    	 -62.469    	 -45.634    	  0.0000    	 -16.835    	  342.14    	  221.18    	  55.127    	  65.832    	  22.254    	  22.078    	  26.574    	  20.796    	 2.25504E+07	 1.80283E+07	-2.71289E+06	 1.53154E+07	 9.68197E+06	 4.10186E+06	 1.53154E+06
   224.000    	 0.93113    	  80.000    	  38.176    	  3.4691    	  145.00    	  2.2672    	  1578.5    	  1364.4    	  0.0000    	  214.04    	  1229.0    	  135.41    	  0.0000    	  61.790    	  757.83    	  0.0000    	  0.0000    	  0.0000    	  0.0000    	 0.65000    	 5.13682E-02	  15.977    	 5.13682E-02	  0.0000    	  0.0000    	  14.400    	  6.4617    	  19.519    	  217.35    	  83.641    	  83.605    	  7.0000    	  0.0000    	  201.63    	 0.19899    	 0.15000    	  135.84    	  3.1546    	 0.60665    	  17.333    	 8.45504E+06	 2.34030E-05	 3.58136E-05	 1.98720E+07	  23.400    	  7.8000    	  1.5490    	  1.5000    	  14.588    	  465.34    	  125.89    	  28.073    	  66.597    	  31.223    	  516.30    	  285.44    	  127.99    	  102.86    	 -50.953    	 -37.796    	  0.0000    	 -13.157    	  339.45    	  219.57    	  61.398    	  58.482    	  23.351    	  23.831    	  26.796    	  22.843    	 1.98720E+07	 1.57851E+07	-2.28942E+06	 1.34957E+07	 9.21498E+06	 2.93117E+06	 1.34957E+06
   225.000    	 0.94152    	  81.000    	  38.602    	  3.4691    	  145.00    	  2.3124    	  1612.2    	  1395.2    	  0.0000    	  217.03    	  1259.8    	  135.41    	  0.0000    	  64.926    	  726.41    	  0.0000    	  0.0000    	  0.0000    	  0.0000    	 0.65000    	 5.05966E-02	  16.029    	 5.05966E-02	  0.0000    	  0.0000    	  14.457    	  6.3739    	  18.135    	  210.28    	  75.973    	  75.946    	  0.0000    	  0.0000    	  204.97    	 0.20129    	 0.15000    	  131.43    	  2.6316    	 0.52147    	  17.147    	 7.48375E+06	 3.05218E-05	 3.56988E-05	 1.76256E+07	  21.500    	  13.500    	  1.6030    	  2.5000    	  14.527    	  410.25    	  141.26    	  38.952    	  71.448    	  30.861    	  456.66    	  241.87    	  125.17    	  89.615    	 -46.405    	 -35.458    	  0.0000    	 -10.948    	  268.99    	  167.46    	  53.721    	  47.807    	  21.719    	  22.016    	  23.988    	  21.213    	 1.76256E+07	 1.39361E+07	-2.13721E+06	 1.17989E+07	 7.72497E+06	 2.89406E+06	 1.17989E+06
   226.000    	 0.95353    	  82.000    	  39.095    	  3.4691    	  145.00    	  2.3587    	  1641.7    	  1423.0    	  0.0000    	  218.73    	  1287.6    	  135.41    	  0.0000    	  68.723    	  698.70    	  0.0000    	  0.0000    	  0.0000    	  0.0000    	 0.65000    	 5.08507E-02	  16.079    	 5.08507E-02	  0.0000    	  0.0000    	  14.512    	  6.5216    	  18.774    	  251.54    	  80.756    	  80.751    	  2.3000    	  0.0000    	  201.92    	 0.19918    	 0.15000    	  157.21    	  3.3589    	 0.59175    	  17.402    	 7.59784E+06	 2.24487E-05	 3.55865E-05	 1.78848E+07	  24.800    	  13.600    	  1.6130    	  3.5000    	  14.466    	  419.98    	  84.206    	 -5.7129    	  62.313    	  27.606    	  465.30    	  248.52    	  125.30    	  91.483    	 -45.325    	 -34.784    	  0.0000    	 -10.541    	  335.77    	  219.45    	  62.984    	  53.336    	  24.382    	  24.984    	  26.415    	  24.395    	 1.78848E+07	 1.41494E+07	-2.11135E+06	 1.20380E+07	 9.67913E+06	 1.15511E+06	 1.20380E+06
   227.000    	 0.96751    	  83.000    	  39.668    	  3.4691    	  145.00    	  2.4039    	  1673.5    	  1452.8    	  0.0000    	  220.70    	  1317.4    	  135.41    	  0.0000    	  72.563    	  668.38    	  0.0000    	  0.0000    	  0.0000    	  0.0000    	 0.65000    	 5.25023E-02	  16.130    	 5.25023E-02	  0.0000    	  0.0000    	  14.566    	  6.8286    	  16.920    	  241.52    	  69.753    	  69.753    	  5.6000    	  0.0000    	  200.37    	 0.19812    	 0.15000    	  150.95    	  2.5990    	 0.47458    	  17.965    	 5.88498E+06	 2.19929E-05	 4.72990E-05	 1.39104E+07	  25.000    	  17.700    	  1.9980    	  4.4000    	  14.404    	  327.36    	  65.259    	 -12.776    	  57.092    	  20.943    	  358.77    	  176.10    	  114.37    	  68.298    	 -31.412    	 -24.360    	  0.0000    	 -7.0514    	  262.10    	  164.51    	  57.281    	  40.303    	  24.650    	  25.213    	  26.063    	  24.734    	 1.39104E+07	 1.09045E+07	-1.49656E+06	 9.40792E+06	 7.53037E+06	 9.36759E+05	 9.40792E+05
   228.000    	 0.98453    	  84.000    	  40.366    	  3.4691    	  145.00    	  2.4442    	  1699.8    	  1478.3    	  0.0000    	  221.45    	  1342.9    	  135.41    	  0.0000    	  76.718    	  643.95    	  0.0000    	  0.0000    	  0.0000    	  0.0000    	 0.65000    	 5.54961E-02	  16.183    	 5.54961E-02	  0.0000    	  0.0000    	  14.619    	  7.3310    	  14.994    	  228.76    	  59.228    	  59.224    	  6.6000    	  0.0000    	  202.99    	 0.19993    	 0.15000    	  142.97    	  1.6354    	 0.38589    	  18.888    	 6.33228E+06	 4.32375E-05	 4.71456E-05	 1.49472E+07	  19.000    	  11.400    	  1.5310    	  4.2000    	  14.342    	  342.24    	  162.97    	  54.407    	  79.168    	  29.393    	  388.29    	  195.62    	  117.95    	  74.714    	 -46.050    	 -36.155    	  0.0000    	 -9.8950    	  179.27    	  105.06    	  38.785    	  35.427    	  19.236    	  19.391    	  20.614    	  18.721    	 1.49472E+07	 1.17514E+07	-2.14822E+06	 9.60316E+06	 4.95211E+06	 3.69074E+06	 9.60317E+05
   229.000    	 0.99274    	  85.000    	  40.702    	  3.4691    	  145.00    	  2.4535    	  1721.3    	  1499.7    	  0.0000    	  221.58    	  1364.3    	  135.41    	  0.0000    	  80.637    	  625.29    	  0.0000    	  0.0000    	  0.0000    	  0.0000    	 0.65000    	 5.46715E-02	  16.238    	 5.46715E-02	  0.0000    	  0.0000    	  14.673    	  6.9160    	  12.726    	  263.89    	  46.509    	  46.503    	  8.8000    	  0.0000    	  207.67    	 0.20315    	 0.15000    	  164.93    	  1.1678    	 0.26739    	  18.083    	 4.55573E+06	 2.84202E-05	 4.69845E-05	 1.08000E+07	  17.500    	  11.600    	  1.4250    	  2.4000    	  14.280    	  231.18    	  104.36    	  18.919    	  67.413    	  18.032    	  278.02    	  126.78    	  99.516    	  51.726    	 -46.837    	 -37.122    	  0.0000    	 -9.7150    	  126.82    	  70.735    	  32.103    	  23.979    	  17.527    	  18.037    	  18.940    	  17.282    	 1.08000E+07	 8.41234E+06	-2.19576E+06	 6.21658E+06	 3.51617E+06	 2.07876E+06	 6.21658E+05
   230.000    	 0.99976    	  86.000    	  40.990    	  3.4691    	  145.00    	  2.4577    	  1737.3    	  1516.1    	  0.0000    	  221.18    	  1380.7    	  135.41    	  0.0000    	  84.088    	  612.97    	  0.0000    	  0.0000    	  0.0000    	  0.0000    	 0.65000    	 5.13234E-02	  16.293    	 5.13234E-02	  0.0000    	  0.0000    	  14.726    	  6.5114    	  15.694    	  257.55    	  65.188    	  65.198    	  0.0000    	  0.0000    	  215.14    	 0.20830    	 0.15000    	  160.97    	  2.3088    	 0.52596    	  17.298    	 7.83166E+06	 1.40593E-05	 4.68268E-05	 1.84032E+07	  20.500    	  10.800    	  1.4110    	  2.2000    	  14.217    	  432.63    	  184.50    	  73.623    	  77.289    	  33.587    	  487.56    	  265.93    	  124.44    	  97.197    	 -54.932    	 -42.045    	  0.0000    	 -12.887    	  248.13    	  150.26    	  47.148    	  50.723    	  21.104    	  21.045    	  23.417    	  20.139    	 1.84032E+07	 1.46106E+07	-2.43202E+06	 1.21786E+07	 6.94519E+06	 4.01556E+06	 1.21786E+06
